fecha,prec,tmin,tmax,dir,velmedia,racha
2010-01-01,0.1,3.6,7.6,26.0,4.4,16.1
2010-01-02,0.0,2.6,7.5,27.0,1.1,5.8
2010-01-03,6.7,4.2,7.4,16.0,0.8,5.3
2010-01-04,9.5,6.4,9.2,4.0,1.7,6.7
2010-01-05,0.0,6.2,9.8,31.0,0.6,5.3
2010-01-06,5.3,3.6,6.8,23.0,2.8,8.1
2010-01-07,9.3,0.6,3.6,2.0,5.0,16.1
2010-01-08,0.0,-0.2,3.0,,3.6,
2010-01-09,0.0,-1.8,2.4,32.0,2.5,9.7
2010-01-10,4.4,-3.8,0.1,26.0,0.3,4.4
2010-01-11,0.2,-2.8,2.0,22.0,1.7,4.7
2010-01-12,6.2,-0.6,3.8,31.0,1.4,9.2
2010-01-13,10.7,1.4,7.9,26.0,2.2,7.2
2010-01-14,0.0,6.4,10.5,22.0,5.6,17.8
2010-01-15,0.0,2.2,8.0,17.0,1.4,5.6
2010-01-16,0.2,4.4,9.0,23.0,0.6,4.7
2010-01-17,0.0,8.4,11.4,23.0,1.4,6.7
2010-01-18,0.4,8.3,12.8,22.0,1.4,5.8
2010-01-19,2.4,7.0,11.2,24.0,1.9,6.4
2010-01-20,0.0,5.0,12.0,30.0,2.8,9.4
2010-01-21,0.0,3.0,9.0,8.0,0.8,3.3
2010-01-22,0.0,3.4,8.4,18.0,0.8,4.2
2010-01-23,0.0,6.4,10.8,10.0,1.4,7.8
2010-01-24,0.0,6.0,11.5,,,
2010-01-25,5.5,2.1,8.4,5.0,1.9,12.2
2010-01-26,0.0,0.3,8.5,9.0,5.0,16.9
2010-01-27,0.1,0.5,4.3,8.0,3.9,14.4
2010-01-28,0.0,-2.1,9.4,2.0,1.9,9.7
2010-01-29,0.0,-0.2,11.6,32.0,1.9,12.8
2010-01-30,0.0,3.5,10.3,30.0,3.3,13.1
2010-01-31,0.0,3.2,10.2,32.0,2.2,9.4
2010-02-01,0.0,2.5,9.7,7.0,1.9,3.9
2010-02-02,0.0,0.2,9.5,4.0,0.6,5.8
2010-02-03,0.8,0.8,12.6,5.0,1.4,5.8
2010-02-04,3.6,6.2,9.6,25.0,1.1,14.2
2010-02-05,0.0,7.0,12.4,27.0,3.1,14.7
2010-02-06,0.0,5.2,14.0,29.0,3.3,12.5
2010-02-07,0.4,3.8,11.4,21.0,1.4,4.7
2010-02-08,4.8,7.0,11.4,27.0,1.9,8.3
2010-02-09,0.0,3.7,11.6,,,
2010-02-10,0.0,0.8,7.5,4.0,,7.8
2010-02-11,0.0,-1.1,6.1,2.0,1.7,11.7
2010-02-12,0.0,-1.6,6.4,3.0,0.8,8.9
2010-02-13,0.0,-2.2,5.0,15.0,2.5,14.4
2010-02-14,0.0,-3.0,5.2,4.0,0.8,8.1
2010-02-15,17.8,0.4,2.2,5.0,3.1,7.8
2010-02-16,24.9,1.7,6.8,4.0,2.2,8.1
2010-02-17,0.3,4.8,10.2,23.0,4.7,12.8
2010-02-18,0.2,2.2,7.8,27.0,1.9,7.8
2010-02-19,0.3,3.2,8.5,29.0,1.9,11.4
2010-02-20,2.2,1.0,9.6,23.0,3.1,10.0
2010-02-21,11.1,1.8,6.6,4.0,1.7,6.7
2010-02-22,9.1,6.0,11.6,21.0,3.9,14.7
2010-02-23,13.5,6.6,11.4,25.0,2.5,13.3
2010-02-24,1.7,3.7,12.7,25.0,5.3,17.2
2010-02-25,12.6,8.5,12.0,26.0,3.9,15.3
2010-02-26,5.3,4.8,11.2,27.0,1.7,11.1
2010-02-27,1.3,7.0,19.0,26.0,3.9,20.0
2010-02-28,2.4,5.0,12.4,24.0,1.9,14.7
2010-03-01,0.0,4.6,12.3,22.0,3.6,11.7
2010-03-02,4.5,5.5,14.2,15.0,4.7,12.8
2010-03-03,0.6,6.4,13.5,27.0,2.2,10.3
2010-03-04,0.0,5.4,16.0,29.0,1.9,8.1
2010-03-05,34.8,2.8,10.2,9.0,3.9,14.2
2010-03-06,3.0,1.0,5.0,3.0,2.8,8.6
2010-03-07,2.0,4.3,9.0,3.0,1.4,7.5
2010-03-08,0.0,0.2,5.3,3.0,2.8,13.1
2010-03-09,0.0,-1.0,10.2,3.0,2.2,8.9
2010-03-10,0.0,-1.2,8.4,6.0,1.7,9.7
2010-03-11,0.0,-0.2,8.2,3.0,1.1,9.2
2010-03-12,0.0,3.0,6.0,2.0,1.7,7.5
2010-03-13,0.0,-1.6,10.6,8.0,0.8,6.1
2010-03-14,0.0,1.7,13.2,8.0,2.5,9.7
2010-03-15,0.0,2.3,15.8,4.0,1.7,5.3
2010-03-16,0.0,4.8,18.0,4.0,2.5,6.7
2010-03-17,0.0,5.9,18.6,10.0,2.2,7.8
2010-03-18,0.2,8.6,17.7,11.0,1.1,5.3
2010-03-19,0.9,9.8,16.2,23.0,1.4,6.9
2010-03-20,0.0,11.6,18.8,21.0,1.7,14.4
2010-03-21,0.5,9.8,16.5,23.0,1.7,6.4
2010-03-22,0.0,8.0,19.5,18.0,0.3,5.0
2010-03-23,0.0,9.6,18.6,18.0,1.7,8.6
2010-03-24,6.8,10.0,18.9,26.0,1.7,17.2
2010-03-25,3.3,6.2,12.5,23.0,3.1,13.3
2010-03-26,0.0,4.4,11.8,22.0,4.2,14.7
2010-03-27,0.0,5.6,16.5,28.0,2.8,8.9
2010-03-28,0.0,7.4,18.8,26.0,2.2,6.4
2010-03-29,2.9,8.8,14.4,23.0,3.9,16.7
2010-03-30,0.2,5.4,13.4,24.0,3.3,11.7
2010-03-31,0.0,4.4,14.4,23.0,3.1,13.3
2010-04-01,0.0,5.2,14.0,31.0,1.1,4.4
2010-04-02,0.0,3.9,16.0,23.0,2.2,8.3
2010-04-03,2.7,6.1,13.2,27.0,1.7,10.0
2010-04-04,0.0,3.4,15.6,23.0,1.4,6.7
2010-04-05,0.0,5.6,18.6,17.0,3.9,10.0
2010-04-06,0.0,6.4,18.4,17.0,0.6,6.1
2010-04-07,0.0,8.4,17.1,4.0,3.3,10.8
2010-04-08,0.0,5.0,19.5,9.0,1.4,8.9
2010-04-09,0.0,6.2,19.0,4.0,3.1,10.0
2010-04-10,0.0,8.2,20.6,9.0,2.5,8.9
2010-04-11,0.0,7.2,21.6,4.0,1.1,6.4
2010-04-12,0.9,8.6,20.3,4.0,3.9,14.2
2010-04-13,11.2,5.8,10.0,3.0,3.1,12.8
2010-04-14,8.9,7.6,12.5,8.0,2.8,7.5
2010-04-15,3.5,8.4,15.1,11.0,2.2,7.8
2010-04-16,2.1,10.1,18.0,14.0,1.1,9.2
2010-04-17,5.4,9.4,16.0,22.0,1.7,7.8
2010-04-18,10.9,8.8,14.6,22.0,1.1,11.4
2010-04-19,0.0,8.5,18.8,26.0,1.1,5.8
2010-04-20,0.0,9.2,21.0,16.0,2.2,6.4
2010-04-21,0.7,11.8,22.3,15.0,2.2,11.4
2010-04-22,0.0,12.4,21.0,27.0,2.8,8.9
2010-04-23,1.5,11.0,20.6,1.0,0.8,7.2
2010-04-24,0.0,10.2,23.0,23.0,1.9,7.2
2010-04-25,0.0,12.4,25.7,10.0,1.9,11.7
2010-04-26,0.0,14.4,26.9,2.0,1.7,5.8
2010-04-27,0.0,14.0,29.0,3.0,1.7,6.4
2010-04-28,0.0,15.4,28.4,12.0,1.7,8.3
2010-04-29,0.0,15.8,25.7,26.0,2.5,8.9
2010-04-30,0.0,13.6,24.0,,0.3,
2010-05-01,0.0,13.6,23.2,4.0,2.2,9.2
2010-05-02,0.0,11.6,22.3,32.0,2.2,11.7
2010-05-03,0.0,7.0,16.0,,3.9,
2010-05-04,0.0,5.9,13.8,1.0,4.2,17.2
2010-05-05,0.0,3.6,15.4,1.0,2.8,11.7
2010-05-06,0.0,3.4,18.2,5.0,1.4,7.8
2010-05-07,1.8,8.2,17.9,26.0,3.3,10.6
2010-05-08,17.1,7.5,16.5,25.0,2.2,10.3
2010-05-09,0.6,10.4,16.4,24.0,4.2,13.6
2010-05-10,0.3,8.0,17.2,23.0,3.9,15.3
2010-05-11,0.0,7.2,16.5,27.0,2.2,9.2
2010-05-12,0.0,10.0,16.5,27.0,3.9,11.1
2010-05-13,2.4,6.4,13.0,29.0,0.8,12.2
2010-05-14,0.4,5.8,15.7,32.0,3.3,10.3
2010-05-15,0.0,6.8,17.0,29.0,2.8,8.9
2010-05-16,0.0,7.3,20.0,5.0,1.7,7.2
2010-05-17,0.0,8.4,24.0,4.0,1.9,8.3
2010-05-18,0.0,11.4,26.2,3.0,1.7,8.6
2010-05-19,0.0,11.6,27.6,4.0,1.7,11.1
2010-05-20,0.0,12.1,25.6,4.0,3.1,11.7
2010-05-21,0.0,14.0,28.0,13.0,2.2,5.6
2010-05-22,0.0,15.2,28.8,7.0,1.7,5.8
2010-05-23,0.0,15.6,28.6,13.0,1.9,11.9
2010-05-24,0.0,15.4,27.8,21.0,1.7,8.1
2010-05-25,0.0,16.0,23.9,26.0,3.1,10.6
2010-05-26,0.0,14.4,24.6,20.0,2.2,8.3
2010-05-27,0.0,13.8,23.9,26.0,2.2,9.4
2010-05-28,0.1,13.4,22.7,32.0,2.2,9.2
2010-05-29,0.0,12.6,26.6,27.0,1.7,7.8
2010-05-30,0.0,14.7,30.3,2.0,1.1,7.8
2010-05-31,0.0,17.7,31.8,3.0,1.1,7.8
2010-06-01,0.0,18.9,31.4,3.0,1.7,8.9
2010-06-02,0.0,18.9,30.2,3.0,1.1,7.8
2010-06-03,0.0,18.4,31.5,8.0,1.4,7.5
2010-06-04,0.0,19.2,33.0,2.0,1.7,5.8
2010-06-05,0.0,19.8,33.0,26.0,2.5,10.8
2010-06-06,0.0,18.6,30.5,22.0,1.4,8.9
2010-06-07,0.0,17.6,29.8,26.0,2.8,9.7
2010-06-08,8.7,14.6,25.0,23.0,3.6,14.2
2010-06-09,10.9,11.2,16.4,24.0,2.5,12.5
2010-06-10,2.5,11.1,18.4,24.0,3.6,11.7
2010-06-11,4.2,11.9,17.4,,0.6,
2010-06-12,8.3,12.4,15.3,28.0,0.8,6.4
2010-06-13,0.0,12.4,23.0,12.0,2.2,10.0
2010-06-14,4.2,14.2,23.5,32.0,2.2,11.1
2010-06-15,0.1,11.0,19.0,2.0,1.9,10.8
2010-06-16,0.0,9.5,19.2,4.0,1.7,7.8
2010-06-17,0.0,10.1,24.0,5.0,1.1,5.8
2010-06-18,1.5,14.6,26.0,33.0,2.2,11.9
2010-06-19,0.0,14.4,26.2,26.0,1.7,8.6
2010-06-20,0.0,13.2,24.6,1.0,2.8,11.1
2010-06-21,0.0,9.4,25.1,8.0,1.7,9.4
2010-06-22,0.0,14.2,31.6,3.0,0.8,8.6
2010-06-23,0.0,17.4,32.2,5.0,1.1,8.3
2010-06-24,4.0,18.4,33.4,24.0,1.4,10.0
2010-06-25,7.3,18.0,31.0,35.0,0.8,11.7
2010-06-26,6.4,16.6,30.2,16.0,1.9,10.8
2010-06-27,0.0,16.8,28.0,14.0,1.4,9.4
2010-06-28,0.5,19.0,30.4,4.0,1.9,9.7
2010-06-29,0.0,20.0,31.0,8.0,1.4,8.3
2010-06-30,0.0,19.6,31.7,,0.6,
2010-07-01,0.0,21.5,33.0,22.0,2.8,8.6
2010-07-02,12.1,19.0,30.0,7.0,1.4,8.3
2010-07-03,3.2,16.8,27.6,6.0,1.7,10.6
2010-07-04,0.0,20.2,32.4,6.0,1.7,6.7
2010-07-05,0.0,22.2,33.9,4.0,2.8,10.0
2010-07-06,0.0,22.0,35.4,5.0,1.9,10.0
2010-07-07,0.0,23.0,37.2,12.0,1.9,8.3
2010-07-08,0.0,24.8,33.0,10.0,3.3,15.3
2010-07-09,0.0,21.0,34.4,27.0,0.8,7.2
2010-07-10,0.0,23.2,36.0,4.0,1.7,7.2
2010-07-11,0.0,22.3,37.2,25.0,1.4,7.8
2010-07-12,0.0,23.5,35.0,22.0,3.3,10.8
2010-07-13,0.0,19.0,33.5,22.0,2.5,9.4
2010-07-14,0.0,19.6,30.8,22.0,3.3,10.3
2010-07-15,0.0,17.7,32.5,21.0,1.7,7.8
2010-07-16,0.0,17.3,33.8,23.0,1.7,7.8
2010-07-17,0.0,21.0,35.5,5.0,1.4,8.9
2010-07-18,0.0,22.0,36.6,4.0,1.9,8.6
2010-07-19,0.0,23.0,37.4,23.0,1.7,6.7
2010-07-20,0.0,22.4,35.8,24.0,2.2,8.9
2010-07-21,0.0,21.0,31.8,23.0,2.5,10.6
2010-07-22,0.0,20.6,32.2,4.0,2.5,12.8
2010-07-23,0.0,18.4,32.6,4.0,2.5,10.8
2010-07-24,0.0,18.8,33.6,4.0,2.2,10.8
2010-07-25,0.0,18.3,33.5,4.0,2.2,11.4
2010-07-26,0.0,18.4,34.3,4.0,2.2,12.5
2010-07-27,0.0,19.4,34.6,7.0,1.9,10.0
2010-07-28,0.0,22.2,37.0,26.0,1.9,7.8
2010-07-29,0.0,22.8,37.4,2.0,1.9,12.8
2010-07-30,0.0,19.0,34.4,5.0,1.9,10.3
2010-07-31,0.0,22.0,36.8,26.0,2.5,8.6
2010-08-01,0.0,21.1,35.6,,0.3,
2010-08-02,0.0,20.8,35.2,3.0,2.5,11.1
2010-08-03,0.0,17.4,32.0,4.0,1.7,12.2
2010-08-04,0.0,19.3,34.0,30.0,1.4,8.3
2010-08-05,0.0,18.4,32.0,4.0,2.5,13.3
2010-08-06,0.0,17.5,33.0,4.0,2.5,11.1
2010-08-07,0.0,21.2,35.3,5.0,1.7,5.8
2010-08-08,1.3,21.7,30.6,4.0,2.2,8.3
2010-08-09,0.0,20.6,33.8,1.0,1.4,6.9
2010-08-10,0.0,22.0,33.7,28.0,1.9,10.3
2010-08-11,0.0,22.2,35.4,32.0,1.9,9.7
2010-08-12,0.0,19.0,33.7,4.0,2.2,13.6
2010-08-13,0.0,16.0,28.0,4.0,3.3,13.9
2010-08-14,0.0,14.7,27.0,5.0,2.2,10.8
2010-08-15,0.0,15.4,31.0,4.0,3.1,12.2
2010-08-16,0.0,16.2,27.7,4.0,3.1,11.7
2010-08-17,0.0,18.8,28.4,24.0,1.4,6.7
2010-08-18,0.0,18.0,31.6,20.0,1.4,6.1
2010-08-19,2.1,18.4,29.2,15.0,2.8,11.7
2010-08-20,0.0,18.4,32.7,3.0,1.4,4.7
2010-08-21,0.0,21.6,36.0,18.0,1.4,5.6
2010-08-22,0.0,22.6,35.0,22.0,3.1,11.4
2010-08-23,0.0,18.8,33.2,27.0,3.3,14.2
2010-08-24,0.0,18.6,32.0,23.0,1.4,6.7
2010-08-25,0.0,20.2,35.4,25.0,1.1,6.1
2010-08-26,0.0,22.2,36.4,25.0,3.1,10.0
2010-08-27,0.0,20.4,35.0,22.0,2.8,9.4
2010-08-28,0.0,19.8,34.0,7.0,1.7,13.1
2010-08-29,0.0,19.0,33.6,4.0,1.7,9.7
2010-08-30,0.0,17.8,33.4,6.0,2.2,8.6
2010-08-31,0.0,18.7,31.2,4.0,1.1,7.5
2010-09-01,0.6,18.7,28.0,7.0,1.7,9.4
2010-09-02,0.1,17.4,26.0,10.0,0.8,5.0
2010-09-03,0.0,18.9,30.7,4.0,1.9,5.8
2010-09-04,0.0,19.2,32.6,14.0,1.7,5.6
2010-09-05,0.0,20.2,32.7,22.0,1.4,6.1
2010-09-06,0.0,19.6,31.5,21.0,3.3,12.8
2010-09-07,0.0,16.7,24.5,27.0,4.4,14.2
2010-09-08,0.0,14.6,23.9,31.0,2.8,9.7
2010-09-09,0.0,13.8,26.0,32.0,0.8,7.5
2010-09-10,0.0,15.3,28.7,4.0,1.7,6.9
2010-09-11,0.0,16.4,31.0,3.0,1.1,5.3
2010-09-12,0.0,18.2,32.7,4.0,1.9,7.2
2010-09-13,0.0,19.2,32.0,5.0,1.9,7.8
2010-09-14,0.0,16.8,33.3,3.0,1.7,6.4
2010-09-15,0.5,18.0,32.2,32.0,1.4,5.6
2010-09-16,10.5,17.2,25.3,26.0,1.7,7.5
2010-09-17,0.1,15.7,23.8,30.0,1.1,9.7
2010-09-18,0.0,15.4,24.0,4.0,0.6,6.7
2010-09-19,0.0,14.6,26.2,4.0,1.7,5.8
2010-09-20,0.0,15.8,20.2,16.0,2.8,7.5
2010-09-21,0.0,14.0,25.7,22.0,1.4,6.1
2010-09-22,0.0,16.0,26.3,3.0,1.1,6.4
2010-09-23,0.0,16.8,22.8,34.0,2.5,9.2
2010-09-24,0.0,15.5,24.0,29.0,3.1,11.7
2010-09-25,0.0,13.1,21.6,4.0,2.5,9.4
2010-09-26,0.0,10.4,21.0,7.0,0.8,8.1
2010-09-27,0.0,10.8,22.5,4.0,1.7,6.1
2010-09-28,0.0,10.7,24.6,26.0,1.4,7.5
2010-09-29,0.0,12.4,25.7,25.0,1.9,7.5
2010-09-30,0.0,12.2,24.6,26.0,1.9,9.7
2010-10-01,0.0,12.7,25.1,22.0,1.7,6.4
2010-10-02,0.0,12.4,25.4,24.0,1.9,9.2
2010-10-03,3.4,12.6,19.0,20.0,2.2,13.1
2010-10-04,0.0,11.6,20.8,27.0,2.8,10.0
2010-10-05,0.0,9.3,21.2,22.0,0.8,6.4
2010-10-06,0.0,11.4,23.1,11.0,1.1,6.1
2010-10-07,4.5,15.7,23.7,26.0,1.7,6.9
2010-10-08,7.2,15.2,23.3,18.0,1.9,9.2
2010-10-09,26.8,12.0,18.6,16.0,1.7,10.3
2010-10-10,0.0,9.8,17.0,25.0,1.1,6.9
2010-10-11,0.0,10.8,15.6,3.0,0.6,5.3
2010-10-12,0.0,11.2,18.4,3.0,1.7,9.2
2010-10-13,0.0,11.0,19.5,25.0,1.4,6.4
2010-10-14,0.0,11.4,20.6,4.0,0.6,5.3
2010-10-15,0.0,8.4,18.2,4.0,0.6,6.9
2010-10-16,0.0,7.6,17.4,5.0,0.6,8.9
2010-10-17,0.0,7.4,16.0,5.0,1.9,10.3
2010-10-18,0.0,5.0,15.5,4.0,1.4,6.9
2010-10-19,0.0,5.0,18.2,17.0,0.8,3.6
2010-10-20,0.0,6.0,19.7,4.0,0.3,4.7
2010-10-21,0.0,7.6,18.7,4.0,1.1,7.2
2010-10-22,0.0,9.0,17.8,5.0,1.1,6.1
2010-10-23,0.0,8.0,18.6,22.0,0.3,3.9
2010-10-24,0.0,7.0,20.2,21.0,1.1,9.7
2010-10-25,0.0,7.6,16.3,2.0,3.9,12.2
2010-10-26,0.0,2.8,18.5,4.0,0.8,8.3
2010-10-27,0.0,5.6,18.2,7.0,0.8,4.2
2010-10-28,0.0,9.6,19.0,22.0,0.3,4.7
2010-10-29,5.9,8.2,19.6,26.0,2.5,20.0
2010-10-30,9.6,8.2,10.8,23.0,2.5,10.3
2010-10-31,0.7,8.6,12.8,28.0,3.6,14.2
2010-11-01,0.0,9.4,16.0,32.0,2.5,12.2
2010-11-02,0.0,9.6,17.0,3.0,1.4,8.9
2010-11-03,0.0,7.2,19.3,7.0,0.3,4.2
2010-11-04,0.0,11.3,19.7,3.0,1.1,7.2
2010-11-05,0.0,10.0,18.5,10.0,0.3,4.7
2010-11-06,0.0,8.6,17.2,27.0,1.4,4.2
2010-11-07,0.0,8.0,14.4,30.0,1.9,7.8
2010-11-08,5.5,6.6,11.9,25.0,5.0,15.8
2010-11-09,0.0,8.0,12.9,28.0,3.9,14.4
2010-11-10,0.0,7.2,12.8,31.0,3.1,11.1
2010-11-11,0.0,4.8,14.0,24.0,2.2,7.5
2010-11-12,0.0,6.0,12.0,4.0,0.6,4.2
2010-11-13,0.0,6.8,11.7,24.0,0.8,5.6
2010-11-14,5.3,6.3,10.6,30.0,1.4,10.6
2010-11-15,0.0,4.6,11.8,31.0,2.8,11.1
2010-11-16,2.8,3.8,11.2,31.0,0.8,6.4
2010-11-17,1.9,5.6,10.0,28.0,2.5,11.4
2010-11-18,0.0,4.4,11.6,29.0,2.2,7.5
2010-11-19,4.4,5.0,10.3,25.0,1.4,6.7
2010-11-20,0.8,6.6,11.7,29.0,3.6,10.8
2010-11-21,0.7,6.0,10.3,27.0,2.8,11.1
2010-11-22,0.0,4.0,10.5,26.0,1.7,8.1
2010-11-23,0.0,2.6,10.6,30.0,1.7,5.3
2010-11-24,0.0,4.0,10.4,6.0,0.8,6.7
2010-11-25,0.0,1.5,10.4,4.0,0.6,5.8
2010-11-26,0.0,2.0,7.3,4.0,2.2,7.8
2010-11-27,0.0,1.0,6.2,26.0,2.2,8.3
2010-11-28,0.0,-0.6,7.5,28.0,1.9,7.5
2010-11-29,5.6,-0.5,2.5,4.0,2.5,8.1
2010-11-30,1.2,2.0,7.0,26.0,1.4,8.1
2010-12-01,0.1,2.4,6.2,26.0,3.1,9.4
2010-12-02,0.0,1.4,6.3,27.0,3.3,13.1
2010-12-03,0.0,-1.1,5.9,32.0,1.4,11.1
2010-12-04,0.0,-2.4,4.6,3.0,1.4,5.6
2010-12-05,9.8,3.6,7.4,4.0,1.9,6.4
2010-12-06,9.8,7.4,15.8,27.0,2.2,13.1
2010-12-07,12.8,9.2,12.5,18.0,1.9,12.8
2010-12-08,2.0,9.8,12.6,24.0,2.2,9.2
2010-12-09,0.5,9.9,13.5,3.0,1.9,8.1
2010-12-10,0.0,8.0,16.1,5.0,1.4,9.2
2010-12-11,0.0,5.8,11.4,9.0,0.8,4.7
2010-12-12,0.0,4.8,12.0,3.0,0.8,3.6
2010-12-13,0.0,6.6,14.2,7.0,0.3,6.7
2010-12-14,0.0,4.3,12.6,17.0,1.9,11.7
2010-12-15,0.0,0.0,6.6,3.0,3.3,15.6
2010-12-16,0.0,-2.0,4.8,3.0,1.7,7.2
2010-12-17,0.0,-3.6,6.0,6.0,0.8,4.4
2010-12-18,4.2,-1.4,6.4,4.0,1.4,6.9
2010-12-19,0.4,4.0,10.9,12.0,2.8,8.6
2010-12-20,6.7,4.3,9.2,23.0,1.7,7.2
2010-12-21,12.7,5.0,11.0,3.0,1.7,8.1
2010-12-22,13.2,7.4,10.2,16.0,1.9,8.6
2010-12-23,1.1,2.8,8.6,1.0,3.1,14.4
2010-12-24,0.0,0.0,6.0,31.0,2.5,9.4
2010-12-25,0.0,-1.4,7.0,4.0,1.7,8.9
2010-12-26,0.0,-2.9,6.0,4.0,0.8,5.3
2010-12-27,0.0,-2.4,6.7,8.0,0.8,3.6
2010-12-28,0.0,0.8,8.0,4.0,0.8,5.8
2010-12-29,0.0,3.8,11.8,11.0,0.8,11.1
2010-12-30,4.8,4.4,7.8,8.0,1.7,5.8
2010-12-31,0.3,7.0,10.0,3.0,0.8,4.7
2011-01-01,0.0,5.2,11.3,4.0,0.8,5.0
2011-01-02,0.0,6.0,11.8,5.0,1.1,6.9
2011-01-03,0.0,1.3,8.2,22.0,1.4,5.0
2011-01-04,0.3,4.6,7.7,23.0,0.8,6.1
2011-01-05,0.9,6.7,10.0,24.0,1.7,5.8
2011-01-06,1.4,8.0,14.0,24.0,2.5,13.9
2011-01-07,3.1,8.4,12.0,22.0,2.5,8.9
2011-01-08,14.9,7.7,12.0,22.0,2.8,10.0
2011-01-09,4.0,6.2,9.6,26.0,1.1,6.4
2011-01-10,3.3,2.8,7.0,28.0,1.4,7.2
2011-01-11,0.0,6.2,14.3,,2.5,
2011-01-12,0.0,5.2,13.8,16.0,1.1,3.3
2011-01-13,0.0,4.6,12.6,3.0,0.6,5.0
2011-01-14,0.0,4.5,13.5,5.0,0.3,4.4
2011-01-15,0.0,3.8,13.5,3.0,0.3,5.3
2011-01-16,0.0,4.4,12.7,4.0,0.8,4.4
2011-01-17,0.0,3.2,7.6,14.0,0.6,2.8
2011-01-18,0.0,4.1,11.1,2.0,0.3,3.3
2011-01-19,0.0,5.5,9.5,4.0,0.3,3.9
2011-01-20,0.0,4.6,10.8,5.0,0.8,8.6
2011-01-21,0.0,-0.5,6.1,4.0,3.3,15.8
2011-01-22,0.0,-2.5,6.0,10.0,3.1,12.2
2011-01-23,0.0,-3.0,4.2,9.0,2.8,8.9
2011-01-24,0.0,-3.4,6.8,4.0,1.9,8.9
2011-01-25,0.0,-2.0,7.2,3.0,1.1,6.4
2011-01-26,0.0,-1.0,7.2,5.0,1.9,6.1
2011-01-27,2.5,2.0,6.0,13.0,1.7,5.8
2011-01-28,5.8,3.1,8.0,23.0,2.2,10.6
2011-01-29,0.0,1.6,8.0,25.0,2.2,7.2
2011-01-30,4.5,1.2,5.8,4.0,1.4,6.1
2011-01-31,0.0,0.4,6.4,5.0,1.7,8.3
2011-02-01,0.0,-0.7,8.6,3.0,1.9,7.2
2011-02-02,0.0,-0.4,10.7,5.0,1.1,6.1
2011-02-03,0.0,0.0,12.3,4.0,0.6,4.2
2011-02-04,0.0,1.4,13.6,4.0,1.1,5.3
2011-02-05,0.0,2.5,16.1,4.0,1.7,4.7
2011-02-06,0.0,3.2,16.8,3.0,1.1,4.4
2011-02-07,0.0,3.0,16.2,4.0,0.8,3.9
2011-02-08,0.0,2.9,14.5,4.0,1.4,4.4
2011-02-09,0.0,2.3,13.3,24.0,1.4,4.4
2011-02-10,0.0,2.4,14.0,5.0,0.8,4.7
2011-02-11,0.0,3.6,13.3,24.0,1.4,7.8
2011-02-12,0.0,2.4,13.6,22.0,1.4,6.7
2011-02-13,0.9,4.2,11.2,22.0,2.5,12.5
2011-02-14,0.9,2.6,8.3,,3.3,
2011-02-15,7.1,3.6,8.4,26.0,1.7,9.7
2011-02-16,7.7,2.4,7.6,23.0,2.8,13.9
2011-02-17,0.4,2.4,8.9,30.0,4.7,16.1
2011-02-18,0.2,1.6,12.2,23.0,1.7,7.8
2011-02-19,11.4,6.2,9.4,26.0,0.8,5.3
2011-02-20,0.8,6.0,13.8,28.0,3.1,9.4
2011-02-21,0.0,6.2,12.6,26.0,2.2,13.9
2011-02-22,0.0,10.0,15.0,30.0,4.2,15.6
2011-02-23,0.0,6.0,17.7,8.0,1.4,5.8
2011-02-24,0.0,7.0,18.5,3.0,1.4,7.2
2011-02-25,0.0,6.8,20.0,27.0,1.1,5.0
2011-02-26,0.0,7.0,20.6,34.0,0.8,8.3
2011-02-27,0.0,5.8,12.8,2.0,3.6,13.6
2011-02-28,1.0,2.4,10.0,2.0,3.9,15.8
2011-03-01,0.0,2.4,9.8,3.0,3.6,14.2
2011-03-02,0.0,3.0,8.0,3.0,1.4,9.2
2011-03-03,0.2,1.0,7.8,5.0,1.7,8.9
2011-03-04,12.0,1.4,6.4,16.0,2.2,11.4
2011-03-05,0.0,2.6,10.6,12.0,1.4,6.7
2011-03-06,0.0,2.4,12.6,2.0,1.7,6.1
2011-03-07,0.0,6.0,16.4,11.0,2.5,8.9
2011-03-08,0.0,6.0,12.7,12.0,2.8,10.0
2011-03-09,0.0,6.4,13.7,9.0,1.9,7.2
2011-03-10,0.0,3.8,17.0,16.0,1.9,6.7
2011-03-11,15.0,6.0,11.0,14.0,2.5,11.4
2011-03-12,0.0,5.4,13.8,23.0,1.7,6.1
2011-03-13,3.3,6.4,12.8,20.0,2.2,8.3
2011-03-14,4.7,7.0,13.6,13.0,3.1,11.1
2011-03-15,2.0,7.0,12.1,27.0,3.1,11.9
2011-03-16,0.9,6.8,10.6,31.0,3.1,15.8
2011-03-17,0.0,6.2,16.6,1.0,1.7,9.4
2011-03-18,0.0,5.8,20.3,4.0,0.8,7.5
2011-03-19,0.0,6.8,20.6,2.0,0.8,7.2
2011-03-20,0.0,6.1,20.0,11.0,0.8,6.9
2011-03-21,0.0,6.2,16.4,14.0,2.2,7.2
2011-03-22,2.4,7.5,12.6,13.0,3.3,11.7
2011-03-23,3.0,4.5,11.2,11.0,3.6,11.9
2011-03-24,1.8,7.4,11.4,10.0,3.1,11.4
2011-03-25,0.3,8.0,15.2,10.0,1.4,5.8
2011-03-26,4.2,9.0,17.7,23.0,1.9,10.8
2011-03-27,0.4,6.2,14.2,26.0,3.9,11.9
2011-03-28,0.1,5.8,13.3,29.0,2.5,8.3
2011-03-29,0.0,8.2,17.8,34.0,2.2,10.0
2011-03-30,0.0,10.6,19.7,27.0,2.2,10.0
2011-03-31,0.0,8.0,21.4,18.0,1.1,4.4
2011-04-01,0.0,10.6,24.5,5.0,1.1,6.4
2011-04-02,0.0,12.4,21.0,4.0,1.7,5.8
2011-04-03,9.9,11.0,18.0,24.0,1.4,9.7
2011-04-04,0.0,11.0,21.5,3.0,1.1,5.8
2011-04-05,0.0,12.0,25.0,8.0,2.5,5.8
2011-04-06,0.0,13.8,25.0,12.0,3.1,7.8
2011-04-07,0.0,13.0,26.5,4.0,0.8,6.1
2011-04-08,0.0,13.6,27.9,4.0,1.1,5.6
2011-04-09,0.0,12.5,28.2,26.0,1.9,8.9
2011-04-10,0.0,13.3,24.6,1.0,1.7,10.6
2011-04-11,0.0,10.4,23.0,5.0,2.8,11.4
2011-04-12,0.0,11.0,23.9,3.0,2.2,11.4
2011-04-13,0.0,11.4,26.4,5.0,1.7,6.7
2011-04-14,0.0,11.5,26.7,4.0,1.9,8.9
2011-04-15,0.0,10.6,22.2,16.0,2.2,18.6
2011-04-16,0.0,11.6,21.0,13.0,2.5,8.6
2011-04-17,0.0,10.0,22.2,16.0,1.9,9.4
2011-04-18,0.0,9.4,22.4,14.0,1.7,7.5
2011-04-19,2.6,12.0,20.7,25.0,2.2,9.4
2011-04-20,7.6,12.2,20.4,17.0,2.5,8.9
2011-04-21,26.9,9.5,19.3,16.0,2.5,10.3
2011-04-22,8.6,8.5,15.2,15.0,2.2,8.9
2011-04-23,0.3,8.6,16.0,3.0,1.1,6.9
2011-04-24,0.0,10.0,19.4,1.0,3.1,11.1
2011-04-25,0.1,11.0,21.0,6.0,2.2,10.6
2011-04-26,0.0,11.4,19.8,3.0,2.5,11.7
2011-04-27,0.0,11.2,23.0,4.0,1.7,8.9
2011-04-28,0.0,11.4,24.5,3.0,2.5,9.7
2011-04-29,0.0,12.2,19.6,20.0,1.9,9.7
2011-04-30,1.7,11.0,16.3,15.0,2.8,8.3
2011-05-01,2.6,10.8,19.8,9.0,1.7,6.4
2011-05-02,0.0,10.8,22.8,3.0,0.8,6.4
2011-05-03,7.1,12.0,21.0,27.0,1.7,9.2
2011-05-04,0.0,11.4,22.6,24.0,2.2,8.6
2011-05-05,0.0,10.4,23.2,11.0,0.8,8.9
2011-05-06,1.5,14.6,23.5,13.0,3.6,11.7
2011-05-07,13.5,11.6,16.6,25.0,2.2,10.0
2011-05-08,0.0,9.0,20.6,23.0,1.4,7.2
2011-05-09,0.0,11.4,26.0,10.0,1.4,5.0
2011-05-10,0.0,14.6,27.0,10.0,2.2,8.6
2011-05-11,0.0,14.2,26.6,16.0,2.2,6.9
2011-05-12,0.0,16.7,23.0,4.0,1.9,11.1
2011-05-13,0.0,16.0,26.4,22.0,1.7,6.1
2011-05-14,5.1,11.1,28.2,35.0,2.5,15.0
2011-05-15,0.0,7.8,21.5,8.0,2.8,11.7
2011-05-16,0.0,11.0,24.2,11.0,2.2,11.4
2011-05-17,0.0,13.8,25.2,16.0,1.7,6.4
2011-05-18,9.8,13.4,24.5,12.0,2.8,10.6
2011-05-19,0.0,11.2,18.6,11.0,1.9,8.3
2011-05-20,0.0,11.6,24.0,3.0,1.7,6.1
2011-05-21,0.0,14.6,26.5,26.0,1.1,6.1
2011-05-22,0.0,16.0,27.8,9.0,1.4,6.1
2011-05-23,0.0,16.2,29.4,3.0,2.2,6.7
2011-05-24,0.0,17.7,30.7,4.0,2.8,8.3
2011-05-25,0.0,18.1,31.2,14.0,1.7,7.2
2011-05-26,0.2,18.8,29.4,27.0,2.8,13.3
2011-05-27,17.5,15.3,24.9,2.0,1.9,8.3
2011-05-28,0.2,14.5,26.8,21.0,1.1,7.8
2011-05-29,2.7,16.8,27.0,23.0,2.2,10.0
2011-05-30,1.2,16.6,23.0,24.0,2.5,11.7
2011-05-31,0.0,12.0,23.7,3.0,2.2,13.6
2011-06-01,0.0,9.2,22.7,6.0,2.5,13.9
2011-06-02,0.0,10.5,22.7,1.0,4.2,12.8
2011-06-03,0.0,12.2,22.8,5.0,2.2,9.7
2011-06-04,1.0,12.6,23.7,31.0,1.7,8.9
2011-06-05,16.0,14.5,27.2,9.0,1.4,10.3
2011-06-06,7.9,13.4,21.7,32.0,1.4,10.8
2011-06-07,4.1,12.7,19.1,33.0,0.8,8.6
2011-06-08,0.1,12.0,21.7,27.0,2.5,8.6
2011-06-09,0.0,12.3,22.6,25.0,2.8,10.0
2011-06-10,0.0,12.4,23.5,32.0,1.1,6.7
2011-06-11,0.0,14.2,26.0,14.0,1.7,10.3
2011-06-12,0.0,16.0,29.8,24.0,2.5,9.4
2011-06-13,0.0,18.5,30.3,27.0,1.9,9.2
2011-06-14,0.0,17.0,30.2,26.0,2.2,7.5
2011-06-15,0.0,17.0,31.8,26.0,1.7,8.3
2011-06-16,0.0,18.4,30.0,26.0,1.9,9.2
2011-06-17,0.0,16.0,29.6,23.0,2.5,9.7
2011-06-18,0.0,17.4,28.8,27.0,2.2,10.0
2011-06-19,0.0,16.0,31.2,10.0,1.1,5.3
2011-06-20,0.0,20.0,33.8,24.0,2.2,7.8
2011-06-21,0.0,20.4,35.0,25.0,2.5,9.7
2011-06-22,0.0,18.0,33.0,22.0,2.8,15.0
2011-06-23,0.0,17.7,31.5,5.0,1.4,10.8
2011-06-24,0.0,17.0,31.7,5.0,1.4,12.5
2011-06-25,0.0,21.2,35.5,15.0,1.1,7.2
2011-06-26,0.0,23.3,36.8,14.0,0.6,7.2
2011-06-27,0.0,24.2,37.3,22.0,2.8,9.4
2011-06-28,0.0,22.4,35.4,24.0,2.8,10.3
2011-06-29,0.0,19.4,34.2,4.0,2.5,10.3
2011-06-30,0.0,17.4,33.7,5.0,2.2,10.6
2011-07-01,0.0,19.6,34.9,25.0,2.2,13.6
2011-07-02,0.0,21.2,34.8,27.0,2.5,11.1
2011-07-03,0.0,21.9,31.6,27.0,3.3,9.7
2011-07-04,0.0,18.4,31.0,12.0,1.4,7.2
2011-07-05,0.0,19.4,34.1,24.0,2.8,10.3
2011-07-06,0.0,19.8,32.5,21.0,2.8,11.1
2011-07-07,0.0,17.7,29.8,33.0,3.1,10.3
2011-07-08,0.0,16.2,30.5,23.0,1.9,8.6
2011-07-09,0.0,18.7,31.5,22.0,2.5,10.0
2011-07-10,0.0,18.5,33.0,24.0,1.7,11.4
2011-07-11,0.0,18.0,34.7,23.0,2.2,10.6
2011-07-12,0.0,18.0,31.4,25.0,2.5,13.6
2011-07-13,0.0,15.0,25.4,2.0,3.1,12.2
2011-07-14,0.0,13.6,28.1,5.0,1.4,8.9
2011-07-15,0.0,17.6,31.5,6.0,1.7,7.2
2011-07-16,0.0,19.4,34.1,23.0,2.8,11.1
2011-07-17,0.0,20.2,29.7,31.0,3.3,11.7
2011-07-18,0.0,16.2,29.7,31.0,2.2,10.0
2011-07-19,0.0,18.3,28.2,31.0,2.5,10.8
2011-07-20,0.0,15.6,30.7,4.0,1.4,7.5
2011-07-21,0.0,17.5,33.3,5.0,1.1,13.3
2011-07-22,0.0,16.0,30.8,5.0,1.9,13.3
2011-07-23,0.0,16.6,30.8,30.0,2.5,8.9
2011-07-24,0.0,16.0,29.5,3.0,2.2,8.9
2011-07-25,0.0,17.6,31.3,4.0,0.6,6.9
2011-07-26,0.0,20.4,34.5,3.0,1.9,10.8
2011-07-27,0.0,17.4,31.8,5.0,2.5,11.4
2011-07-28,0.0,19.4,32.8,4.0,1.1,8.1
2011-07-29,0.0,20.8,35.2,24.0,2.2,9.4
2011-07-30,0.0,22.0,34.5,2.0,1.9,12.5
2011-07-31,0.0,20.5,34.6,5.0,1.1,10.0
2011-08-01,0.5,21.0,32.8,23.0,2.5,14.2
2011-08-02,0.0,18.2,27.8,27.0,2.5,9.2
2011-08-03,0.0,17.4,30.8,27.0,1.1,5.6
2011-08-04,0.0,20.6,34.4,27.0,1.7,6.4
2011-08-05,0.0,21.2,33.6,23.0,3.6,11.7
2011-08-06,0.0,18.2,32.6,23.0,2.2,9.7
2011-08-07,0.0,20.0,32.3,23.0,2.8,8.9
2011-08-08,0.0,20.0,32.6,4.0,1.7,11.4
2011-08-09,0.0,18.0,32.6,9.0,2.5,10.8
2011-08-10,0.0,19.3,34.4,4.0,1.7,8.9
2011-08-11,0.0,21.6,35.8,22.0,1.1,6.1
2011-08-12,8.2,17.6,35.6,20.0,1.4,13.3
2011-08-13,0.0,17.4,31.2,30.0,1.4,9.2
2011-08-14,0.0,20.7,34.0,22.0,2.5,9.2
2011-08-15,0.0,21.0,35.3,22.0,1.7,7.2
2011-08-16,0.0,20.8,36.5,25.0,1.9,7.5
2011-08-17,0.2,21.5,35.5,26.0,2.5,9.2
2011-08-18,0.1,21.6,35.0,13.0,2.5,11.1
2011-08-19,0.0,22.2,36.0,12.0,1.7,7.5
2011-08-20,0.1,24.0,38.3,26.0,1.9,13.1
2011-08-21,1.0,19.8,35.2,31.0,1.7,15.3
2011-08-22,0.0,19.2,28.4,25.0,1.9,8.3
2011-08-23,0.0,18.0,31.0,27.0,1.7,8.3
2011-08-24,0.0,18.5,30.6,23.0,1.9,7.8
2011-08-25,0.0,18.0,31.5,24.0,2.8,12.5
2011-08-26,0.0,17.0,25.3,26.0,2.2,11.4
2011-08-27,0.0,14.1,28.2,8.0,1.7,7.5
2011-08-28,0.0,17.4,31.3,27.0,3.1,9.2
2011-08-29,0.0,16.8,31.2,25.0,2.2,10.8
2011-08-30,0.0,16.4,31.4,23.0,2.5,9.7
2011-08-31,0.0,18.7,26.3,28.0,1.9,8.9
2011-09-01,0.0,17.9,28.2,26.0,1.9,10.3
2011-09-02,0.3,16.2,24.8,29.0,1.1,7.5
2011-09-03,0.1,15.5,23.2,22.0,0.8,4.2
2011-09-04,0.0,14.8,27.0,23.0,2.2,9.2
2011-09-05,0.0,15.0,28.0,4.0,1.4,8.3
2011-09-06,0.0,17.2,30.6,3.0,1.4,8.9
2011-09-07,0.0,16.0,33.0,4.0,1.1,6.4
2011-09-08,0.0,19.4,34.0,,1.1,
2011-09-09,0.0,17.1,34.2,,1.9,
2011-09-10,0.0,18.0,32.0,24.0,2.8,9.7
2011-09-11,0.0,17.7,28.4,23.0,2.2,7.5
2011-09-12,0.0,16.4,31.6,,1.1,
2011-09-13,0.0,20.0,33.6,6.0,1.7,6.4
2011-09-14,0.0,20.4,33.0,14.0,2.8,8.9
2011-09-15,0.0,19.6,32.2,16.0,1.9,6.7
2011-09-16,0.0,19.7,31.3,27.0,1.9,6.7
2011-09-17,0.0,18.2,30.3,26.0,1.4,8.9
2011-09-18,0.0,14.8,26.4,3.0,2.2,9.7
2011-09-19,0.0,11.6,24.0,8.0,1.1,9.7
2011-09-20,0.0,13.8,28.0,3.0,1.1,5.8
2011-09-21,0.0,16.2,28.7,22.0,1.4,5.0
2011-09-22,0.0,16.3,29.1,23.0,0.8,5.3
2011-09-23,0.0,16.6,28.0,23.0,1.9,7.5
2011-09-24,0.0,15.4,25.6,22.0,1.9,8.9
2011-09-25,0.0,13.8,26.6,2.0,1.4,5.6
2011-09-26,0.0,15.6,27.8,1.0,1.1,5.3
2011-09-27,0.0,16.6,28.4,5.0,0.8,5.8
2011-09-28,0.0,15.6,24.8,17.0,1.1,3.6
2011-09-29,0.0,15.2,27.0,15.0,1.4,7.2
2011-09-30,0.0,16.0,25.6,15.0,1.4,6.7
2011-10-01,0.0,15.3,25.2,14.0,2.8,7.2
2011-10-02,0.0,15.4,24.8,12.0,1.9,5.8
2011-10-03,0.0,13.0,27.7,1.0,0.8,7.2
2011-10-04,0.0,17.0,28.2,4.0,1.7,8.9
2011-10-05,0.0,15.6,28.3,4.0,1.7,7.2
2011-10-06,0.0,14.6,29.3,28.0,1.1,6.4
2011-10-07,0.0,13.2,21.7,2.0,2.5,15.8
2011-10-08,0.0,11.3,21.0,3.0,2.2,11.1
2011-10-09,0.0,10.0,23.2,5.0,1.1,8.9
2011-10-10,0.0,14.0,26.3,3.0,1.4,7.5
2011-10-11,0.0,13.6,28.8,2.0,1.1,5.0
2011-10-12,0.0,14.0,29.5,4.0,1.7,5.0
2011-10-13,0.0,14.0,29.3,2.0,0.8,5.6
2011-10-14,0.0,14.0,27.0,4.0,1.1,5.8
2011-10-15,0.0,14.3,24.4,12.0,1.7,5.8
2011-10-16,0.0,13.4,23.6,3.0,0.6,5.6
2011-10-17,0.0,13.2,21.0,12.0,0.8,5.0
2011-10-18,0.0,11.7,21.7,7.0,0.8,4.2
2011-10-19,0.0,10.6,22.6,3.0,2.2,12.5
2011-10-20,0.0,9.6,17.8,3.0,2.8,11.7
2011-10-21,0.0,7.3,18.2,1.0,1.1,8.9
2011-10-22,0.0,10.6,20.5,4.0,1.9,6.4
2011-10-23,4.3,11.6,19.2,22.0,2.2,10.6
2011-10-24,6.3,9.0,14.6,15.0,1.9,12.8
2011-10-25,0.0,7.2,14.5,23.0,3.3,10.0
2011-10-26,10.1,8.0,15.0,15.0,2.5,10.3
2011-10-27,8.9,10.2,14.4,15.0,2.2,11.1
2011-10-28,0.0,9.7,16.7,4.0,2.5,10.0
2011-10-29,0.0,9.8,18.0,4.0,1.7,6.4
2011-10-30,0.0,10.7,19.8,5.0,1.4,6.7
2011-10-31,0.0,11.0,19.6,18.0,1.4,5.8
2011-11-01,0.0,13.0,18.4,23.0,1.4,7.8
2011-11-02,5.3,12.8,17.0,18.0,2.5,11.4
2011-11-03,8.5,9.5,14.6,,,
2011-11-04,6.6,8.6,11.7,19.0,1.1,17.8
2011-11-05,0.3,7.4,10.8,,1.7,
2011-11-06,0.4,6.0,14.0,,1.7,
2011-11-07,0.0,8.3,13.7,27.0,0.3,4.2
2011-11-08,0.0,6.4,14.6,22.0,1.1,7.8
2011-11-09,0.9,7.5,12.7,25.0,0.3,4.2
2011-11-10,0.4,10.6,15.4,24.0,0.6,3.9
2011-11-11,0.0,10.6,17.5,21.0,1.1,5.3
2011-11-12,0.0,12.0,19.7,11.0,3.3,11.9
2011-11-13,0.0,12.4,17.0,26.0,3.3,10.3
2011-11-14,7.8,7.6,15.2,28.0,2.8,11.9
2011-11-15,0.0,6.8,11.5,26.0,1.7,7.2
2011-11-16,0.0,7.0,12.4,28.0,0.8,6.1
2011-11-17,0.0,7.4,13.0,4.0,1.9,5.8
2011-11-18,4.5,9.2,14.2,15.0,0.8,9.2
2011-11-19,19.8,9.5,13.8,14.0,3.1,8.3
2011-11-20,3.8,9.8,12.2,12.0,1.7,6.7
2011-11-21,1.4,10.3,13.7,5.0,1.1,5.6
2011-11-22,5.6,8.1,10.9,2.0,1.1,4.4
2011-11-23,0.0,9.6,15.5,4.0,3.3,10.6
2011-11-24,0.0,7.4,14.3,13.0,1.7,6.4
2011-11-25,0.0,6.0,15.2,15.0,0.8,8.9
2011-11-26,0.0,6.8,13.5,4.0,1.4,7.2
2011-11-27,0.0,4.2,12.6,5.0,0.8,5.8
2011-11-28,0.0,4.4,12.0,1.0,0.8,4.2
2011-11-29,0.0,3.6,12.3,23.0,0.8,3.9
2011-11-30,0.0,4.5,12.3,6.0,0.8,5.0
2011-12-01,2.0,4.2,11.6,22.0,1.7,5.0
2011-12-02,0.5,5.4,9.4,1.0,1.9,9.2
2011-12-03,0.0,3.8,9.6,1.0,0.6,4.7
2011-12-04,0.0,2.2,9.5,26.0,1.1,5.0
2011-12-05,0.0,2.4,14.9,26.0,1.7,8.3
2011-12-06,0.0,6.3,14.0,32.0,1.7,7.5
2011-12-07,0.0,3.1,10.0,14.0,0.8,3.6
2011-12-08,0.0,2.0,12.8,4.0,0.3,3.6
2011-12-09,0.0,3.8,9.4,4.0,0.6,3.6
2011-12-10,2.3,3.0,4.6,9.0,0.3,4.4
2011-12-11,0.0,3.4,7.8,26.0,1.1,5.3
2011-12-12,0.0,5.0,9.5,26.0,1.7,6.7
2011-12-13,0.0,6.2,10.5,24.0,3.1,9.2
2011-12-14,0.0,6.8,12.7,24.0,3.3,11.4
2011-12-15,0.0,6.1,10.8,26.0,3.9,10.0
2011-12-16,0.6,6.2,11.6,25.0,3.9,14.4
2011-12-17,0.0,3.2,9.5,28.0,2.5,9.2
2011-12-18,0.0,1.3,10.5,2.0,1.9,10.0
2011-12-19,0.0,1.3,10.5,24.0,1.1,5.3
2011-12-20,0.0,-0.5,9.3,23.0,0.6,4.2
2011-12-21,0.0,1.6,13.6,7.0,0.3,5.8
2011-12-22,0.0,4.0,13.3,4.0,0.8,5.0
2011-12-23,0.0,1.8,11.7,4.0,0.3,7.2
2011-12-24,0.0,4.0,12.0,8.0,2.2,8.3
2011-12-25,0.0,2.1,12.3,4.0,0.0,6.1
2011-12-26,0.0,2.2,10.0,4.0,1.4,5.6
2011-12-27,0.0,1.4,12.2,3.0,0.6,5.6
2011-12-28,0.0,0.5,10.6,4.0,0.8,6.1
2011-12-29,0.0,2.8,10.0,3.0,3.1,11.4
2011-12-30,0.0,-1.0,8.7,8.0,1.1,3.9
2011-12-31,0.0,0.8,10.9,7.0,0.8,3.6
2012-01-01,0.0,2.3,11.6,25.0,1.1,7.2
2012-01-02,0.1,5.8,11.6,25.0,3.9,12.5
2012-01-03,0.0,1.5,10.5,23.0,0.8,3.9
2012-01-04,0.0,0.5,11.6,12.0,0.8,5.8
2012-01-05,0.0,2.2,13.0,19.0,0.8,4.7
2012-01-06,0.0,3.0,15.0,11.0,3.1,11.4
2012-01-07,0.0,3.2,13.2,4.0,0.3,5.3
2012-01-08,0.0,2.0,12.6,33.0,0.8,3.6
2012-01-09,0.0,1.0,13.1,8.0,0.8,5.3
2012-01-10,0.0,1.8,10.8,5.0,0.3,6.1
2012-01-11,0.0,2.0,12.2,4.0,1.4,5.6
2012-01-12,0.0,1.2,9.0,2.0,0.8,5.6
2012-01-13,0.0,3.0,8.6,16.0,1.1,4.2
2012-01-14,0.0,-0.5,9.4,27.0,0.6,4.7
2012-01-15,1.0,1.0,5.3,7.0,1.1,3.3
2012-01-16,5.4,2.6,5.6,3.0,3.1,10.6
2012-01-17,0.0,3.0,10.6,5.0,2.2,10.8
2012-01-18,0.0,0.4,10.5,3.0,0.8,4.7
2012-01-19,0.0,3.4,12.2,21.0,0.8,3.9
2012-01-20,0.0,3.4,14.0,4.0,1.4,8.9
2012-01-21,0.0,3.2,13.5,4.0,0.8,8.3
2012-01-22,0.0,4.0,13.5,9.0,0.6,3.9
2012-01-23,0.0,3.0,12.8,3.0,1.1,6.4
2012-01-24,0.0,5.0,13.4,4.0,1.7,9.2
2012-01-25,0.0,2.2,12.5,3.0,0.6,3.9
2012-01-26,0.0,2.0,9.6,8.0,1.1,4.4
2012-01-27,0.0,4.7,8.9,3.0,3.3,11.1
2012-01-28,0.0,2.8,10.2,2.0,3.1,11.1
2012-01-29,0.0,1.6,8.8,2.0,1.9,13.3
2012-01-30,0.0,-1.0,10.0,25.0,1.1,5.3
2012-01-31,0.0,-0.3,12.1,25.0,1.1,6.1
2012-02-01,5.5,-0.2,11.7,1.0,1.4,8.3
2012-02-02,0.0,-1.0,3.8,2.0,2.5,16.1
2012-02-03,0.0,-1.5,3.6,6.0,3.3,21.7
2012-02-04,0.0,-2.6,5.0,1.0,4.4,19.2
2012-02-05,0.0,-1.6,10.1,30.0,3.3,16.4
2012-02-06,0.0,2.6,13.6,30.0,2.5,13.6
2012-02-07,0.1,1.5,9.8,1.0,2.5,14.7
2012-02-08,0.0,-2.3,4.3,3.0,2.5,18.3
2012-02-09,0.0,-1.8,9.3,3.0,1.4,6.1
2012-02-10,0.0,-1.4,10.0,2.0,2.5,9.2
2012-02-11,0.0,-2.5,7.6,6.0,2.8,9.4
2012-02-12,0.0,-3.6,5.7,12.0,2.5,15.0
2012-02-13,0.0,-2.6,7.3,4.0,4.2,16.7
2012-02-14,0.0,0.4,9.0,3.0,1.9,10.8
2012-02-15,0.0,0.5,11.0,4.0,1.9,10.0
2012-02-16,0.0,0.6,10.2,4.0,2.5,11.4
2012-02-17,0.0,2.0,12.0,3.0,1.7,11.4
2012-02-18,0.0,0.7,12.7,22.0,1.7,5.6
2012-02-19,0.0,0.8,13.4,1.0,1.9,10.3
2012-02-20,0.0,0.2,11.5,4.0,2.2,10.0
2012-02-21,0.0,-0.2,12.0,7.0,0.8,6.4
2012-02-22,0.0,0.4,14.6,4.0,1.4,5.8
2012-02-23,0.0,0.4,16.2,7.0,1.4,6.4
2012-02-24,0.0,3.4,17.7,7.0,1.1,4.7
2012-02-25,0.0,3.0,18.6,23.0,0.8,6.7
2012-02-26,0.0,5.6,20.4,3.0,0.8,8.6
2012-02-27,0.0,7.5,18.8,4.0,2.2,8.9
2012-02-28,0.0,6.8,18.6,5.0,1.1,6.1
2012-02-29,0.0,7.6,19.5,27.0,1.7,7.2
2012-03-01,0.0,7.2,19.0,20.0,1.4,7.8
2012-03-02,0.0,6.4,11.6,25.0,1.4,7.5
2012-03-03,0.0,5.5,15.1,22.0,2.2,6.7
2012-03-04,0.0,7.0,15.4,29.0,1.7,10.0
2012-03-05,0.0,4.0,14.3,3.0,2.2,10.0
2012-03-06,0.0,2.8,13.6,29.0,2.2,7.8
2012-03-07,0.0,2.0,14.0,4.0,1.4,8.1
2012-03-08,0.0,3.0,17.0,2.0,3.3,15.6
2012-03-09,0.0,3.0,21.2,1.0,1.7,9.7
2012-03-10,0.0,3.8,15.7,8.0,1.4,8.1
2012-03-11,0.0,7.6,19.8,5.0,2.2,8.6
2012-03-12,0.0,6.8,22.2,6.0,1.7,6.4
2012-03-13,0.0,7.2,22.3,4.0,1.4,5.6
2012-03-14,0.0,8.0,24.0,4.0,1.4,5.6
2012-03-15,0.0,10.4,23.2,6.0,2.2,7.5
2012-03-16,0.0,9.6,18.3,26.0,1.9,11.7
2012-03-17,0.0,6.4,15.6,23.0,3.1,11.7
2012-03-18,0.0,4.8,13.0,29.0,3.1,9.7
2012-03-19,0.0,4.4,13.6,2.0,3.3,11.4
2012-03-20,17.3,3.3,11.6,7.0,3.6,12.8
2012-03-21,4.9,0.8,5.6,2.0,2.2,11.1
2012-03-22,0.0,3.2,14.7,25.0,1.1,5.6
2012-03-23,0.0,6.0,18.0,5.0,2.2,7.2
2012-03-24,0.0,7.2,19.8,16.0,1.7,5.8
2012-03-25,0.0,7.5,21.2,12.0,0.6,5.8
2012-03-26,0.0,8.6,19.7,15.0,3.1,7.5
2012-03-27,0.0,8.7,20.0,8.0,1.7,9.2
2012-03-28,0.0,8.6,21.0,12.0,3.1,8.9
2012-03-29,0.0,8.4,21.7,13.0,1.4,8.9
2012-03-30,0.0,9.6,22.8,17.0,1.7,7.5
2012-03-31,0.0,10.5,19.8,4.0,2.2,6.7
2012-04-01,0.0,9.2,22.6,25.0,1.4,10.8
2012-04-02,0.5,10.5,19.6,2.0,1.9,8.9
2012-04-03,10.6,10.4,17.0,30.0,1.9,8.1
2012-04-04,11.6,8.8,10.5,23.0,1.4,9.2
2012-04-05,10.1,8.1,13.5,25.0,1.4,9.4
2012-04-06,0.7,2.6,10.6,23.0,2.8,12.8
2012-04-07,0.0,4.0,10.6,28.0,3.3,10.3
2012-04-08,0.0,4.0,18.7,3.0,1.1,5.8
2012-04-09,0.0,7.7,21.6,26.0,2.8,9.4
2012-04-10,1.3,9.0,17.2,27.0,4.2,17.8
2012-04-11,0.3,6.8,16.7,30.0,2.5,11.7
2012-04-12,0.0,9.2,16.0,3.0,2.2,10.3
2012-04-13,0.3,6.6,15.5,31.0,2.5,13.6
2012-04-14,1.0,5.5,15.0,30.0,4.4,14.4
2012-04-15,0.0,4.6,13.7,2.0,3.1,12.5
2012-04-16,0.0,5.2,13.4,4.0,4.2,15.8
2012-04-17,0.0,3.0,19.6,31.0,2.5,10.6
2012-04-18,0.8,6.7,12.5,26.0,3.3,13.1
2012-04-19,0.5,7.5,14.6,28.0,5.0,13.3
2012-04-20,0.0,8.1,18.0,26.0,3.9,12.5
2012-04-21,0.0,8.5,19.4,27.0,2.8,10.3
2012-04-22,0.0,8.2,19.6,30.0,3.3,10.8
2012-04-23,0.0,7.6,19.4,,4.2,
2012-04-24,0.0,6.7,17.1,31.0,3.6,12.8
2012-04-25,0.2,8.6,18.0,24.0,3.3,12.2
2012-04-26,0.8,9.0,15.0,22.0,1.9,13.3
2012-04-27,6.6,8.5,20.0,25.0,2.5,13.6
2012-04-28,6.6,6.6,10.0,24.0,2.8,11.9
2012-04-29,5.7,5.9,13.6,19.0,2.2,8.3
2012-04-30,3.4,5.0,14.0,32.0,1.4,8.9
2012-05-01,0.5,5.0,13.6,27.0,1.1,10.8
2012-05-02,0.0,6.9,18.0,24.0,1.7,6.9
2012-05-03,14.4,8.0,17.0,23.0,2.8,12.5
2012-05-04,9.2,8.0,15.6,25.0,3.6,13.1
2012-05-05,2.4,9.0,16.0,19.0,3.1,9.4
2012-05-06,0.0,9.0,18.7,23.0,3.1,9.2
2012-05-07,0.1,7.6,19.0,23.0,2.2,10.0
2012-05-08,0.0,13.7,23.0,25.0,2.8,11.1
2012-05-09,0.0,12.0,27.0,4.0,1.1,5.0
2012-05-10,0.0,16.2,30.7,13.0,1.7,6.1
2012-05-11,0.0,18.0,31.6,18.0,1.1,6.1
2012-05-12,0.0,19.0,32.6,33.0,1.9,11.1
2012-05-13,0.0,17.8,32.5,32.0,2.2,10.3
2012-05-14,0.0,19.0,31.1,30.0,2.8,11.7
2012-05-15,0.0,15.0,28.8,8.0,1.7,8.9
2012-05-16,0.0,13.0,28.5,3.0,1.7,8.3
2012-05-17,0.0,17.0,28.4,23.0,2.2,9.4
2012-05-18,0.0,16.2,27.7,22.0,2.5,11.4
2012-05-19,4.8,9.5,18.7,22.0,2.5,13.9
2012-05-20,2.3,7.8,15.5,24.0,3.3,10.3
2012-05-21,0.0,7.0,17.8,28.0,4.2,11.9
2012-05-22,0.0,10.1,24.2,6.0,1.7,7.2
2012-05-23,0.0,13.0,28.7,3.0,1.7,8.1
2012-05-24,0.0,16.2,30.6,2.0,1.7,8.1
2012-05-25,0.0,17.0,30.4,22.0,2.8,10.6
2012-05-26,0.0,13.8,25.2,23.0,2.8,10.8
2012-05-27,0.0,12.0,26.6,4.0,1.9,6.4
2012-05-28,0.0,17.2,29.6,5.0,1.4,8.3
2012-05-29,0.0,16.5,29.0,22.0,2.5,8.1
2012-05-30,0.0,16.7,31.2,22.0,0.8,7.2
2012-05-31,0.0,18.6,34.3,12.0,1.1,7.8
2012-06-01,0.0,19.8,34.5,27.0,1.7,6.7
2012-06-02,0.0,19.8,29.5,23.0,2.5,10.8
2012-06-03,0.0,17.9,27.4,34.0,2.5,9.2
2012-06-04,0.0,16.6,30.0,,1.7,
2012-06-05,0.0,18.4,31.9,26.0,2.5,10.0
2012-06-06,0.0,18.0,30.4,22.0,3.6,15.3
2012-06-07,0.0,19.0,26.8,21.0,3.9,13.6
2012-06-08,0.0,14.4,23.7,26.0,0.8,8.6
2012-06-09,0.0,14.3,27.2,34.0,2.2,8.9
2012-06-10,0.0,17.0,28.6,27.0,3.1,12.2
2012-06-11,0.0,15.3,25.8,31.0,3.3,12.8
2012-06-12,0.0,12.7,24.4,30.0,3.3,12.8
2012-06-13,0.0,13.4,27.5,4.0,1.4,7.5
2012-06-14,0.0,17.3,30.8,26.0,3.3,11.1
2012-06-15,0.0,17.2,31.8,23.0,3.1,11.9
2012-06-16,0.0,17.0,31.6,22.0,2.5,11.9
2012-06-17,0.0,18.4,32.4,22.0,2.2,11.1
2012-06-18,0.4,17.6,31.5,16.0,1.4,8.3
2012-06-19,1.3,18.8,25.2,25.0,1.4,8.1
2012-06-20,0.0,16.2,29.4,23.0,2.2,10.3
2012-06-21,0.0,18.0,29.6,26.0,3.9,12.2
2012-06-22,0.0,17.8,32.0,26.0,1.7,7.5
2012-06-23,0.0,19.4,34.4,24.0,2.2,8.1
2012-06-24,0.0,20.7,36.5,3.0,1.4,7.5
2012-06-25,0.0,22.4,37.8,2.0,1.7,11.4
2012-06-26,0.0,23.9,38.8,2.0,1.1,10.8
2012-06-27,0.0,25.7,37.2,25.0,1.9,9.7
2012-06-28,0.0,23.8,35.4,25.0,3.3,13.3
2012-06-29,0.0,19.6,31.0,26.0,3.9,12.2
2012-06-30,0.0,16.4,27.3,24.0,2.8,12.8
2012-07-01,0.0,16.7,26.8,4.0,2.2,10.0
2012-07-02,0.0,13.7,30.3,8.0,1.4,8.6
2012-07-03,0.0,18.6,33.7,23.0,2.2,9.4
2012-07-04,0.0,19.3,32.4,27.0,3.1,10.3
2012-07-05,0.0,18.2,29.3,33.0,3.3,10.8
2012-07-06,0.0,17.2,30.2,21.0,2.8,8.3
2012-07-07,0.0,18.0,32.0,23.0,3.9,13.1
2012-07-08,0.0,17.3,32.1,23.0,2.5,10.6
2012-07-09,0.0,17.8,32.8,24.0,3.3,11.9
2012-07-10,0.0,17.8,30.9,22.0,3.1,10.8
2012-07-11,0.0,17.4,32.0,30.0,2.8,15.0
2012-07-12,0.0,17.5,33.0,21.0,1.9,9.2
2012-07-13,0.0,18.6,35.5,23.0,3.6,14.2
2012-07-14,0.0,19.6,32.4,31.0,2.5,9.2
2012-07-15,0.0,17.0,31.3,4.0,1.4,11.4
2012-07-16,0.0,18.5,33.0,3.0,1.7,10.3
2012-07-17,0.0,21.5,36.0,5.0,1.4,8.6
2012-07-18,0.0,23.0,37.8,17.0,2.2,6.7
2012-07-19,0.0,22.2,38.0,20.0,1.7,11.7
2012-07-20,0.0,21.2,35.5,27.0,2.2,9.7
2012-07-21,0.0,20.5,34.3,3.0,2.2,11.4
2012-07-22,0.0,20.6,35.0,4.0,1.4,8.9
2012-07-23,0.0,20.0,35.2,13.0,1.7,9.2
2012-07-24,0.0,20.8,33.7,11.0,1.4,7.5
2012-07-25,0.9,20.6,35.6,22.0,1.9,13.6
2012-07-26,6.7,19.3,34.7,13.0,1.7,13.9
2012-07-27,0.0,18.6,31.8,4.0,1.9,9.4
2012-07-28,0.0,18.8,31.2,23.0,1.7,8.1
2012-07-29,0.0,19.2,33.0,22.0,1.7,8.6
2012-07-30,0.0,20.4,35.2,25.0,1.9,8.3
2012-07-31,0.0,20.0,36.2,23.0,2.8,12.2
2012-08-01,0.0,19.1,34.7,25.0,4.4,12.8
2012-08-02,0.0,19.4,34.6,23.0,3.3,10.0
2012-08-03,0.0,21.4,35.4,25.0,2.8,8.6
2012-08-04,0.0,19.7,33.2,23.0,2.5,9.7
2012-08-05,0.3,18.6,29.6,24.0,3.1,12.8
2012-08-06,0.0,16.6,29.0,26.0,0.8,5.8
2012-08-07,0.0,19.6,33.3,9.0,2.2,8.3
2012-08-08,0.0,21.0,34.2,10.0,1.4,6.1
2012-08-09,0.0,22.8,38.2,26.0,1.9,8.9
2012-08-10,0.0,25.0,40.6,2.0,2.5,12.2
2012-08-11,0.0,23.8,38.5,25.0,3.1,13.3
2012-08-12,0.0,20.6,32.6,22.0,2.2,9.2
2012-08-13,0.0,19.2,32.0,27.0,1.9,7.2
2012-08-14,0.0,19.0,31.7,18.0,2.2,9.7
2012-08-15,0.0,19.6,26.0,23.0,1.9,10.8
2012-08-16,0.0,17.8,32.0,28.0,1.4,7.5
2012-08-17,0.0,22.5,37.7,26.0,1.4,5.8
2012-08-18,0.0,22.8,37.4,17.0,0.8,10.8
2012-08-19,0.0,25.4,34.7,18.0,1.1,7.8
2012-08-20,0.0,24.3,37.6,23.0,1.4,7.8
2012-08-21,0.0,23.3,37.2,23.0,2.2,9.4
2012-08-22,0.0,22.6,37.5,26.0,1.9,8.9
2012-08-23,0.0,20.7,33.7,26.0,2.8,11.1
2012-08-24,0.0,18.7,30.8,22.0,2.8,10.3
2012-08-25,0.0,20.0,30.5,24.0,2.5,9.4
2012-08-26,0.0,18.0,31.6,5.0,2.2,8.6
2012-08-27,0.0,20.4,33.2,31.0,3.1,9.7
2012-08-28,0.0,17.4,32.6,23.0,1.7,8.6
2012-08-29,0.0,19.6,30.8,28.0,3.1,10.0
2012-08-30,0.0,17.4,31.0,4.0,2.8,15.0
2012-08-31,0.0,13.6,27.2,4.0,2.8,12.2
2012-09-01,0.0,12.2,26.0,4.0,1.7,11.4
2012-09-02,0.0,12.3,26.5,10.0,2.8,11.1
2012-09-03,0.0,14.8,28.6,5.0,3.6,12.8
2012-09-04,0.0,14.8,28.3,4.0,2.2,11.1
2012-09-05,0.0,16.4,30.0,4.0,1.9,10.6
2012-09-06,0.0,18.6,31.6,4.0,1.4,5.8
2012-09-07,0.0,19.0,31.5,12.0,1.4,6.4
2012-09-08,5.7,18.6,32.0,11.0,1.9,8.1
2012-09-09,0.0,18.6,29.2,23.0,1.7,7.5
2012-09-10,0.0,18.0,28.0,,1.7,
2012-09-11,0.0,17.0,29.8,,1.1,
2012-09-12,0.0,17.2,32.0,31.0,2.5,10.6
2012-09-13,0.0,14.8,26.2,4.0,3.3,11.1
2012-09-14,0.0,13.2,29.6,8.0,1.7,8.1
2012-09-15,0.0,17.8,32.6,5.0,1.4,8.3
2012-09-16,0.0,16.6,33.0,25.0,1.4,6.9
2012-09-17,0.0,18.2,29.6,27.0,1.9,8.3
2012-09-18,0.0,17.3,29.3,2.0,0.6,7.8
2012-09-19,0.0,18.1,29.5,3.0,3.3,11.1
2012-09-20,0.0,19.4,29.0,14.0,2.2,7.2
2012-09-21,0.0,18.8,28.4,8.0,1.4,6.4
2012-09-22,0.0,18.0,29.0,24.0,1.7,7.2
2012-09-23,3.4,15.0,26.7,26.0,2.5,15.0
2012-09-24,0.0,14.2,21.3,25.0,3.9,10.8
2012-09-25,7.1,12.0,17.8,24.0,4.7,16.1
2012-09-26,0.3,11.0,18.6,23.0,2.5,10.8
2012-09-27,14.1,11.2,17.2,3.0,1.4,7.2
2012-09-28,45.3,12.8,16.2,2.0,2.8,10.0
2012-09-29,0.2,12.4,19.0,5.0,2.5,9.4
2012-09-30,0.0,9.2,19.0,7.0,1.1,5.0
2012-10-01,0.0,9.6,21.0,22.0,1.7,4.7
2012-10-02,0.0,11.4,22.6,23.0,1.4,6.1
2012-10-03,0.0,11.5,23.4,22.0,0.8,6.1
2012-10-04,0.0,12.0,23.8,3.0,1.1,5.8
2012-10-05,0.0,13.5,25.0,7.0,1.4,6.7
2012-10-06,0.0,12.6,23.2,22.0,1.7,8.9
2012-10-07,0.0,14.3,25.2,15.0,0.6,3.6
2012-10-08,0.0,15.6,27.6,24.0,1.4,7.2
2012-10-09,0.0,15.0,27.2,24.0,1.7,6.1
2012-10-10,0.0,16.4,25.2,23.0,1.9,10.8
2012-10-11,0.0,16.6,22.6,28.0,2.8,11.7
2012-10-12,6.0,14.0,19.5,8.0,1.4,7.5
2012-10-13,0.0,12.2,20.2,23.0,1.7,8.3
2012-10-14,1.3,10.2,18.0,30.0,2.2,12.8
2012-10-15,0.0,6.6,16.4,25.0,1.7,6.7
2012-10-16,0.0,7.8,18.2,22.0,1.7,6.7
2012-10-17,0.0,7.5,21.4,23.0,1.7,9.2
2012-10-18,1.5,12.4,19.9,14.0,2.5,7.5
2012-10-19,0.3,10.6,14.0,26.0,1.4,7.5
2012-10-20,0.8,11.2,17.0,34.0,1.4,5.8
2012-10-21,2.4,9.6,14.7,25.0,0.6,4.2
2012-10-22,0.0,8.4,17.6,4.0,0.6,3.9
2012-10-23,0.0,10.9,20.6,4.0,1.1,5.0
2012-10-24,1.5,13.0,18.5,25.0,1.7,10.6
2012-10-25,9.3,12.2,18.0,16.0,2.5,8.3
2012-10-26,0.1,11.0,17.0,22.0,1.1,8.3
2012-10-27,0.0,7.0,16.4,2.0,3.3,14.2
2012-10-28,0.0,4.0,11.5,3.0,2.5,9.7
2012-10-29,0.0,2.6,11.7,16.0,1.1,5.0
2012-10-30,20.8,5.8,8.5,3.0,2.5,8.6
2012-10-31,0.0,4.6,10.5,22.0,1.9,8.6
2012-11-01,0.0,6.0,14.5,24.0,3.6,13.6
2012-11-02,10.5,9.2,14.8,26.0,2.2,11.4
2012-11-03,16.6,9.6,12.7,9.0,0.8,4.2
2012-11-04,12.0,8.5,13.9,28.0,0.6,10.3
2012-11-05,0.0,4.3,13.0,29.0,1.7,11.4
2012-11-06,0.0,6.4,12.9,3.0,3.1,11.7
2012-11-07,9.0,4.4,10.6,,3.9,
2012-11-08,9.6,9.0,12.5,,1.4,
2012-11-09,1.5,10.1,15.6,15.0,1.9,7.2
2012-11-10,0.6,7.8,12.9,27.0,3.1,9.4
2012-11-11,0.0,5.0,11.0,1.0,3.6,14.4
2012-11-12,0.0,4.4,13.0,4.0,1.9,11.4
2012-11-13,0.0,4.8,15.6,4.0,2.5,10.8
2012-11-14,0.0,4.8,15.6,5.0,,7.8
2012-11-15,0.0,11.6,19.6,12.0,2.8,5.8
2012-11-16,0.2,11.0,15.0,12.0,1.4,5.8
2012-11-17,2.0,10.5,12.3,3.0,1.4,4.7
2012-11-18,0.0,9.0,14.3,4.0,2.2,10.3
2012-11-19,0.0,6.6,14.6,23.0,1.1,5.8
2012-11-20,0.0,5.8,11.8,7.0,0.0,3.1
2012-11-21,0.0,8.3,12.7,3.0,1.4,8.1
2012-11-22,0.0,7.1,13.9,4.0,1.4,8.3
2012-11-23,0.0,7.2,14.2,26.0,0.3,4.4
2012-11-24,0.0,9.0,13.9,11.0,0.8,4.2
2012-11-25,0.0,9.8,14.2,8.0,0.6,3.6
2012-11-26,1.1,6.4,12.4,26.0,1.7,8.3
2012-11-27,0.0,3.2,8.4,30.0,1.4,6.7
2012-11-28,0.0,0.4,8.2,30.0,3.1,13.9
2012-11-29,0.0,1.6,8.4,2.0,1.9,13.1
2012-11-30,0.0,3.2,7.6,3.0,1.1,8.3
2012-12-01,0.0,0.6,8.0,2.0,2.5,9.7
2012-12-02,0.0,-1.2,8.0,23.0,0.3,4.2
2012-12-03,0.0,-0.2,10.0,24.0,0.6,4.4
2012-12-04,0.0,2.2,12.7,30.0,2.2,11.1
2012-12-05,0.0,3.6,10.0,31.0,2.8,12.5
2012-12-06,0.0,1.2,8.5,18.0,0.0,3.9
2012-12-07,1.5,4.6,8.2,9.0,0.3,3.9
2012-12-08,0.0,2.0,10.8,3.0,1.7,8.9
2012-12-09,0.0,-0.2,9.2,4.0,0.3,6.7
2012-12-10,0.0,0.0,6.5,3.0,0.8,4.2
2012-12-11,0.0,-0.5,9.4,3.0,0.3,6.1
2012-12-12,0.0,1.2,8.1,3.0,0.3,4.4
2012-12-13,0.0,1.2,7.2,20.0,0.8,3.9
2012-12-14,3.4,6.0,12.0,22.0,3.9,13.1
2012-12-15,0.0,9.6,12.6,26.0,3.1,10.3
2012-12-16,0.0,8.2,12.4,26.0,3.3,11.7
2012-12-17,0.0,6.0,13.0,25.0,1.9,9.7
2012-12-18,0.4,4.2,9.0,8.0,0.8,3.6
2012-12-19,0.4,7.8,10.4,14.0,0.3,3.9
2012-12-20,0.0,8.6,13.9,27.0,1.9,8.9
2012-12-21,0.0,9.0,14.0,26.0,2.5,10.8
2012-12-22,0.0,8.8,11.8,30.0,0.3,4.7
2012-12-23,0.0,8.0,13.2,4.0,0.8,5.6
2012-12-24,0.0,6.0,13.2,4.0,0.8,5.0
2012-12-25,1.4,6.7,11.7,26.0,1.1,7.2
2012-12-26,0.0,3.0,11.0,18.0,1.4,6.1
2012-12-27,0.0,1.3,6.2,4.0,0.6,3.9
2012-12-28,0.0,2.0,11.0,8.0,0.3,3.9
2012-12-29,0.0,1.7,6.0,25.0,0.8,4.2
2012-12-30,0.0,1.6,5.2,19.0,0.3,2.5
2012-12-31,2.8,1.6,4.2,20.0,0.6,3.9
2013-01-01,0.0,3.4,9.4,27.0,1.1,5.8
2013-01-02,0.0,0.7,10.8,2.0,0.6,10.3
2013-01-03,0.0,2.8,10.8,8.0,0.8,7.5
2013-01-04,0.0,1.6,10.8,5.0,0.6,4.2
2013-01-05,0.0,-0.4,10.2,22.0,0.6,3.6
2013-01-06,0.0,0.7,9.5,,0.6,
2013-01-07,0.0,1.5,4.8,28.0,0.0,3.1
2013-01-08,0.0,0.4,4.2,7.0,1.4,5.8
2013-01-09,0.4,0.4,5.6,4.0,0.3,6.4
2013-01-10,0.0,4.8,10.7,4.0,0.8,6.4
2013-01-11,0.1,5.8,9.0,27.0,1.4,4.7
2013-01-12,2.9,4.0,11.4,25.0,3.3,13.3
2013-01-13,0.0,2.2,7.6,26.0,2.8,10.6
2013-01-14,0.0,0.5,8.7,27.0,1.4,10.0
2013-01-15,0.0,2.8,10.0,30.0,3.6,11.9
2013-01-16,3.5,5.8,8.8,30.0,3.3,14.2
2013-01-17,0.0,7.8,12.6,32.0,3.1,13.9
2013-01-18,8.5,8.6,13.0,24.0,4.2,14.7
2013-01-19,3.6,4.5,10.6,26.0,3.3,21.7
2013-01-20,0.7,3.5,8.7,30.0,3.3,15.8
2013-01-21,0.1,3.0,8.7,30.0,2.8,13.6
2013-01-22,5.0,1.0,4.0,27.0,1.7,12.2
2013-01-23,0.5,1.5,8.2,30.0,3.3,16.7
2013-01-24,0.0,4.0,11.2,33.0,2.5,20.0
2013-01-25,0.0,3.4,10.4,25.0,1.1,5.8
2013-01-26,0.0,5.6,16.4,33.0,1.7,13.3
2013-01-27,1.0,5.2,9.4,33.0,2.2,12.5
2013-01-28,0.0,3.0,12.0,33.0,0.8,13.1
2013-01-29,0.0,1.5,10.4,12.0,0.0,8.9
2013-01-30,0.0,2.8,13.6,21.0,0.3,3.3
2013-01-31,0.0,4.5,14.0,5.0,1.1,3.9
2013-02-01,0.2,4.8,12.6,26.0,1.9,14.2
2013-02-02,0.1,4.6,9.8,29.0,3.6,16.1
2013-02-03,0.0,1.8,9.6,3.0,2.8,13.3
2013-02-04,0.0,1.3,13.9,5.0,1.4,5.0
2013-02-05,0.0,4.0,15.0,30.0,0.8,9.7
2013-02-06,0.2,4.0,10.1,32.0,3.6,15.0
2013-02-07,0.0,2.4,9.4,2.0,1.9,14.4
2013-02-08,0.0,3.1,10.1,34.0,3.1,11.4
2013-02-09,0.0,3.5,10.2,1.0,1.1,12.5
2013-02-10,3.6,1.7,9.0,23.0,4.4,17.5
2013-02-11,0.0,2.6,7.4,31.0,5.0,14.2
2013-02-12,0.0,2.4,11.0,30.0,2.5,11.7
2013-02-13,0.0,5.0,14.8,28.0,0.0,8.1
2013-02-14,0.0,3.5,14.4,5.0,0.8,8.3
2013-02-15,0.0,3.9,14.5,11.0,0.8,6.9
2013-02-16,0.0,4.2,13.2,4.0,1.1,4.4
2013-02-17,1.4,5.2,10.8,21.0,1.9,6.1
2013-02-18,1.2,7.0,12.1,23.0,0.6,5.8
2013-02-19,0.5,7.3,11.2,9.0,3.1,9.7
2013-02-20,0.0,7.2,13.2,23.0,1.7,6.9
2013-02-21,3.0,6.6,9.8,25.0,3.1,8.1
2013-02-22,4.6,4.8,12.0,22.0,2.5,11.7
2013-02-23,0.0,0.4,7.2,2.0,4.7,13.1
2013-02-24,0.0,-1.4,8.3,3.0,1.1,10.0
2013-02-25,0.0,-1.0,7.0,2.0,1.7,11.4
2013-02-26,0.0,-0.9,8.0,1.0,1.7,7.8
2013-02-27,2.3,0.5,5.7,11.0,3.1,9.2
2013-02-28,4.4,1.9,5.2,4.0,5.3,15.8
2013-03-01,0.0,3.2,12.6,3.0,1.7,11.1
2013-03-02,0.0,1.0,12.0,13.0,0.8,6.4
2013-03-03,0.0,6.2,13.1,16.0,2.5,8.3
2013-03-04,12.5,6.0,12.7,14.0,5.3,16.7
2013-03-05,5.0,7.6,13.1,23.0,1.4,6.9
2013-03-06,1.0,8.0,15.0,22.0,2.8,11.9
2013-03-07,15.7,9.6,16.2,25.0,3.6,18.6
2013-03-08,17.3,7.8,11.0,23.0,2.5,10.6
2013-03-09,1.5,6.4,13.6,27.0,3.1,11.7
2013-03-10,0.1,6.0,11.9,26.0,3.6,16.7
2013-03-11,0.0,5.3,12.3,25.0,4.2,16.4
2013-03-12,0.0,4.4,12.0,34.0,2.8,11.9
2013-03-13,0.0,1.8,8.0,2.0,2.5,12.2
2013-03-14,0.0,0.2,10.4,2.0,2.8,10.3
2013-03-15,0.7,1.4,12.6,23.0,1.1,5.6
2013-03-16,1.0,5.6,9.8,23.0,1.9,8.6
2013-03-17,7.8,6.2,10.6,29.0,0.8,8.6
2013-03-18,0.0,3.6,13.2,29.0,3.9,13.9
2013-03-19,3.5,2.8,12.0,14.0,0.6,6.7
2013-03-20,0.0,4.0,14.4,28.0,1.9,8.9
2013-03-21,0.0,3.6,14.7,22.0,0.8,5.6
2013-03-22,2.3,6.4,12.0,25.0,1.9,8.9
2013-03-23,6.3,5.8,14.4,23.0,1.1,8.3
2013-03-24,1.2,5.6,13.6,29.0,2.8,12.5
2013-03-25,2.4,4.8,11.3,26.0,3.9,16.1
2013-03-26,9.2,9.4,14.1,27.0,2.8,17.8
2013-03-27,0.3,9.0,15.0,23.0,3.3,11.1
2013-03-28,1.1,9.2,16.2,27.0,3.9,11.9
2013-03-29,1.7,9.2,15.0,24.0,2.8,15.3
2013-03-30,0.0,9.3,17.7,25.0,3.3,11.4
2013-03-31,9.3,8.3,15.3,27.0,2.2,7.8
2013-04-01,2.6,6.8,14.4,25.0,3.3,11.9
2013-04-02,0.2,5.5,13.8,29.0,3.9,10.0
2013-04-03,8.7,5.6,14.6,20.0,1.1,11.7
2013-04-04,0.8,5.8,13.6,24.0,2.8,9.7
2013-04-05,0.0,4.4,10.2,5.0,3.9,12.5
2013-04-06,0.0,1.2,12.2,31.0,1.7,8.3
2013-04-07,0.0,2.4,12.7,27.0,1.7,8.3
2013-04-08,0.0,8.4,15.6,22.0,3.6,10.3
2013-04-09,0.0,7.3,14.3,,3.1,
2013-04-10,0.0,9.0,16.4,25.0,2.8,13.1
2013-04-11,0.0,10.4,17.6,27.0,3.9,15.0
2013-04-12,0.0,5.8,16.6,22.0,2.5,10.0
2013-04-13,0.0,6.6,21.2,4.0,1.1,7.2
2013-04-14,0.0,11.2,25.6,11.0,1.9,8.6
2013-04-15,0.0,12.7,24.3,24.0,2.2,8.9
2013-04-16,0.0,12.7,25.6,27.0,1.7,8.3
2013-04-17,0.0,13.5,28.0,22.0,2.2,9.7
2013-04-18,0.0,12.8,27.6,27.0,2.5,8.9
2013-04-19,0.0,8.0,19.8,9.0,4.4,13.6
2013-04-20,0.0,5.0,19.2,4.0,2.8,13.6
2013-04-21,0.0,7.0,21.5,4.0,2.2,8.6
2013-04-22,0.0,10.0,21.3,3.0,3.1,12.5
2013-04-23,0.0,7.5,20.7,4.0,2.2,10.3
2013-04-24,0.0,10.2,21.9,8.0,1.7,9.7
2013-04-25,0.0,10.4,21.8,6.0,4.7,13.1
2013-04-26,10.4,10.8,18.6,5.0,2.5,12.2
2013-04-27,0.0,6.0,14.4,4.0,3.9,12.8
2013-04-28,16.9,3.6,8.6,9.0,3.9,17.2
2013-04-29,12.5,2.7,11.7,4.0,3.9,13.3
2013-04-30,0.8,5.8,12.8,30.0,1.7,6.7
2013-05-01,0.0,7.0,14.8,34.0,0.3,5.3
2013-05-02,0.0,5.6,17.6,3.0,1.9,7.8
2013-05-03,0.0,7.0,18.8,3.0,1.1,7.8
2013-05-04,0.0,9.0,21.7,4.0,1.9,6.9
2013-05-05,0.0,9.5,23.4,26.0,1.4,6.4
2013-05-06,0.0,11.4,24.5,27.0,3.6,12.2
2013-05-07,0.0,13.5,22.4,22.0,2.2,8.9
2013-05-08,0.0,15.8,24.7,27.0,2.2,9.4
2013-05-09,0.0,14.8,24.4,26.0,2.8,16.7
2013-05-10,0.0,14.4,24.8,26.0,2.2,8.3
2013-05-11,0.0,11.8,24.8,27.0,1.9,10.3
2013-05-12,0.0,10.6,25.5,3.0,2.5,8.6
2013-05-13,1.4,12.8,26.0,19.0,1.7,10.8
2013-05-14,5.4,12.1,22.6,24.0,1.9,10.8
2013-05-15,0.4,7.4,12.8,4.0,2.2,10.8
2013-05-16,1.7,6.2,14.6,23.0,2.8,13.1
2013-05-17,9.4,5.8,9.2,26.0,1.1,9.7
2013-05-18,0.8,5.6,14.5,27.0,2.5,15.3
2013-05-19,2.4,5.7,14.8,23.0,2.2,11.9
2013-05-20,1.4,5.4,16.8,,2.8,
2013-05-21,0.0,7.2,19.0,4.0,2.8,9.2
2013-05-22,0.0,8.4,22.2,2.0,2.8,10.3
2013-05-23,0.0,8.5,23.5,5.0,1.9,10.0
2013-05-24,0.0,9.4,24.2,29.0,1.4,9.2
2013-05-25,0.0,9.6,25.3,4.0,1.7,10.3
2013-05-26,0.0,10.6,23.5,12.0,3.1,10.3
2013-05-27,2.2,11.0,21.0,24.0,1.9,9.2
2013-05-28,0.0,10.8,19.4,30.0,3.3,11.1
2013-05-29,3.4,8.2,18.0,32.0,3.9,12.2
2013-05-30,0.0,6.4,20.0,1.0,1.1,9.2
2013-05-31,0.0,8.8,21.0,1.0,4.2,13.9
2013-06-01,0.0,9.6,23.8,1.0,2.5,8.6
2013-06-02,0.0,10.0,24.7,3.0,3.1,11.9
2013-06-03,0.0,11.0,25.7,4.0,2.5,11.1
2013-06-04,0.0,14.1,29.0,23.0,2.2,8.9
2013-06-05,4.8,15.6,29.6,17.0,1.9,11.4
2013-06-06,0.0,14.0,25.0,23.0,2.8,10.8
2013-06-07,0.0,11.8,18.3,28.0,1.9,10.3
2013-06-08,0.7,10.0,19.0,24.0,1.9,11.7
2013-06-09,0.2,10.6,20.6,25.0,3.1,8.6
2013-06-10,0.0,11.6,24.7,24.0,2.8,8.9
2013-06-11,0.0,13.8,28.4,20.0,0.8,7.5
2013-06-12,0.0,17.6,31.8,27.0,1.4,6.7
2013-06-13,0.0,19.0,33.4,28.0,1.9,11.7
2013-06-14,0.0,19.2,32.7,27.0,2.8,10.6
2013-06-15,0.0,18.4,33.6,23.0,2.5,9.4
2013-06-16,0.0,17.5,34.5,23.0,2.8,12.2
2013-06-17,0.0,14.7,23.6,23.0,3.1,11.9
2013-06-18,0.0,11.5,19.9,27.0,2.2,10.8
2013-06-19,0.0,11.6,20.6,32.0,1.4,11.1
2013-06-20,0.0,12.0,26.4,22.0,1.1,6.7
2013-06-21,0.0,16.0,28.3,4.0,1.9,8.9
2013-06-22,0.0,15.5,31.0,8.0,1.1,6.1
2013-06-23,0.0,18.4,32.8,5.0,1.1,14.2
2013-06-24,0.0,11.5,31.2,5.0,2.5,11.1
2013-06-25,0.0,17.2,32.4,3.0,1.7,11.9
2013-06-26,0.0,16.9,31.6,4.0,1.7,10.6
2013-06-27,0.0,17.8,31.1,4.0,1.4,10.8
2013-06-28,0.0,16.2,31.0,33.0,3.1,14.7
2013-06-29,0.0,16.8,31.6,6.0,2.2,11.9
2013-06-30,0.0,18.7,33.5,4.0,1.7,8.9
2013-07-01,0.0,20.5,34.2,33.0,2.5,11.1
2013-07-02,0.0,20.0,32.3,28.0,1.9,7.8
2013-07-03,0.0,18.6,34.7,4.0,1.9,9.7
2013-07-04,0.0,21.4,35.5,3.0,2.5,11.1
2013-07-05,0.0,22.0,37.2,6.0,1.4,9.4
2013-07-06,0.0,22.4,35.6,7.0,1.1,5.8
2013-07-07,0.0,21.5,36.0,9.0,1.1,6.4
2013-07-08,0.0,23.4,37.6,1.0,1.9,6.1
2013-07-09,0.5,23.0,36.8,16.0,1.9,7.8
2013-07-10,0.0,21.0,34.3,3.0,1.4,16.1
2013-07-11,0.0,20.4,35.0,7.0,1.4,3.9
2013-07-12,0.0,22.8,35.5,10.0,1.7,8.1
2013-07-13,0.0,19.0,33.9,23.0,1.9,8.3
2013-07-14,0.0,20.6,33.6,4.0,1.7,10.0
2013-07-15,0.0,20.7,33.7,4.0,1.9,10.0
2013-07-16,0.0,21.2,34.3,5.0,1.4,9.7
2013-07-17,0.0,21.2,34.6,4.0,2.5,10.8
2013-07-18,0.0,20.6,34.2,3.0,2.2,9.4
2013-07-19,0.0,21.2,35.0,3.0,1.7,9.7
2013-07-20,0.3,22.2,35.4,3.0,1.7,10.3
2013-07-21,3.7,19.4,33.0,4.0,2.8,9.7
2013-07-22,0.0,18.4,33.2,3.0,1.9,7.5
2013-07-23,0.0,21.0,33.6,26.0,1.9,10.6
2013-07-24,0.0,20.4,34.6,27.0,1.4,7.8
2013-07-25,0.0,20.6,35.3,24.0,2.5,10.3
2013-07-26,0.0,20.2,34.2,23.0,1.9,10.8
2013-07-27,0.0,19.8,24.6,22.0,2.5,10.8
2013-07-28,0.0,17.0,25.5,23.0,3.9,11.4
2013-07-29,0.0,14.8,29.0,21.0,0.8,7.5
2013-07-30,0.0,19.0,33.5,4.0,1.4,7.5
2013-07-31,0.0,21.0,37.2,13.0,2.2,8.6
2013-08-01,0.0,22.3,37.0,23.0,2.8,8.1
2013-08-02,0.0,20.8,33.4,24.0,2.5,10.6
2013-08-03,0.0,18.9,33.6,29.0,1.7,10.8
2013-08-04,0.0,17.9,34.7,18.0,1.9,7.8
2013-08-05,0.0,19.6,35.4,23.0,2.2,10.0
2013-08-06,0.1,20.6,31.4,25.0,2.8,11.4
2013-08-07,0.0,19.5,31.6,34.0,2.5,9.7
2013-08-08,0.0,16.5,30.6,5.0,2.5,10.8
2013-08-09,0.0,16.4,32.6,9.0,1.1,7.8
2013-08-10,0.0,20.6,36.0,3.0,1.4,7.5
2013-08-11,0.0,21.4,37.5,5.0,1.7,6.9
2013-08-12,0.3,23.6,36.3,11.0,1.9,10.8
2013-08-13,0.0,21.5,34.6,9.0,2.8,8.1
2013-08-14,0.0,21.8,35.0,8.0,1.1,9.2
2013-08-15,0.0,22.7,35.3,5.0,1.7,8.6
2013-08-16,0.0,21.7,35.1,27.0,1.9,12.2
2013-08-17,0.0,20.0,34.0,4.0,1.7,7.8
2013-08-18,0.0,21.4,34.6,23.0,1.1,6.9
2013-08-19,0.0,21.3,36.5,5.0,1.4,8.6
2013-08-20,0.0,21.3,36.7,4.0,1.9,9.4
2013-08-21,0.0,21.7,36.3,6.0,1.9,8.3
2013-08-22,0.0,21.5,34.9,25.0,1.7,9.2
2013-08-23,0.0,19.0,34.6,9.0,1.4,5.8
2013-08-24,0.0,21.4,33.5,5.0,0.8,12.8
2013-08-25,0.0,17.4,31.3,5.0,2.5,11.4
2013-08-26,0.0,17.6,31.0,4.0,1.9,11.1
2013-08-27,0.0,17.6,30.8,2.0,2.5,10.3
2013-08-28,0.5,18.1,28.0,4.0,3.1,11.7
2013-08-29,0.0,16.2,28.0,7.0,3.1,11.7
2013-08-30,0.0,16.8,28.8,15.0,2.2,8.3
2013-08-31,0.0,17.1,30.0,3.0,1.4,8.6
2013-09-01,0.0,16.6,30.6,4.0,1.1,9.2
2013-09-02,0.0,18.6,31.5,5.0,1.9,7.5
2013-09-03,0.0,18.8,32.7,26.0,1.7,5.8
2013-09-04,0.0,19.2,31.8,18.0,1.7,7.8
2013-09-05,0.0,18.0,29.0,22.0,2.2,7.8
2013-09-06,0.0,18.2,28.2,31.0,2.2,10.0
2013-09-07,0.7,16.9,27.5,26.0,2.2,9.7
2013-09-08,0.0,16.0,26.9,3.0,2.5,8.6
2013-09-09,0.0,15.6,28.6,5.0,1.4,7.2
2013-09-10,0.0,16.7,30.0,4.0,1.7,11.1
2013-09-11,9.9,11.8,23.0,5.0,3.6,12.8
2013-09-12,0.0,12.8,26.7,5.0,1.7,8.3
2013-09-13,0.0,15.6,28.6,4.0,1.1,10.0
2013-09-14,0.0,16.8,29.1,23.0,1.7,7.5
2013-09-15,0.0,16.2,29.2,4.0,1.7,7.2
2013-09-16,0.0,16.4,29.7,31.0,1.7,8.1
2013-09-17,0.0,16.8,29.2,6.0,1.1,8.1
2013-09-18,0.0,16.7,29.8,4.0,1.7,7.2
2013-09-19,0.0,16.0,27.5,3.0,1.1,10.6
2013-09-20,0.0,15.4,28.1,4.0,1.1,10.0
2013-09-21,0.0,18.2,28.6,1.0,1.4,7.8
2013-09-22,0.0,17.0,29.8,4.0,1.4,6.4
2013-09-23,0.0,18.3,30.0,25.0,1.4,5.8
2013-09-24,0.0,17.2,30.1,23.0,1.1,6.9
2013-09-25,0.0,17.6,29.1,21.0,1.4,7.2
2013-09-26,0.0,16.9,29.0,17.0,0.8,6.1
2013-09-27,0.1,18.6,25.4,22.0,1.9,11.4
2013-09-28,10.3,15.2,21.2,23.0,3.3,14.2
2013-09-29,0.0,14.6,21.0,25.0,2.8,12.8
2013-09-30,2.3,16.1,21.1,23.0,1.9,7.2
2013-10-01,0.0,17.5,23.2,25.0,3.6,12.2
2013-10-02,0.4,15.8,24.8,23.0,0.6,4.4
2013-10-03,0.0,17.6,23.6,23.0,1.7,7.2
2013-10-04,6.0,15.0,22.7,23.0,2.5,9.2
2013-10-05,0.0,13.5,24.0,4.0,0.8,8.6
2013-10-06,0.0,13.2,22.6,5.0,0.8,8.3
2013-10-07,0.0,12.3,22.8,4.0,1.4,8.3
2013-10-08,0.0,12.7,23.5,2.0,1.4,6.9
2013-10-09,0.0,13.7,23.4,2.0,1.1,7.2
2013-10-10,0.0,13.0,24.2,23.0,1.7,6.4
2013-10-11,0.0,10.2,22.5,5.0,1.1,10.0
2013-10-12,0.0,9.6,20.2,3.0,1.9,7.8
2013-10-13,0.0,10.2,17.5,23.0,1.1,6.1
2013-10-14,0.0,10.3,20.8,23.0,1.4,6.9
2013-10-15,0.0,12.6,20.6,26.0,1.7,6.4
2013-10-16,0.0,12.8,22.2,12.0,0.8,3.9
2013-10-17,0.0,13.4,24.2,4.0,0.3,5.3
2013-10-18,0.0,12.4,24.0,23.0,1.9,6.9
2013-10-19,3.6,14.9,21.2,22.0,1.1,8.3
2013-10-20,0.0,12.9,19.5,23.0,2.8,8.9
2013-10-21,0.0,11.1,20.1,25.0,1.4,6.4
2013-10-22,5.6,13.2,15.5,14.0,2.2,9.2
2013-10-23,2.9,12.2,18.9,26.0,1.9,9.4
2013-10-24,16.6,13.1,19.0,19.0,2.2,9.4
2013-10-25,8.1,13.6,16.6,9.0,1.1,5.3
2013-10-26,0.0,12.8,18.6,26.0,1.4,5.8
2013-10-27,0.0,10.4,19.6,20.0,1.1,5.3
2013-10-28,0.0,10.2,19.4,31.0,0.8,10.8
2013-10-29,0.0,7.4,14.6,29.0,2.2,10.8
2013-10-30,0.0,6.0,14.7,3.0,1.9,7.8
2013-10-31,0.0,5.0,15.9,30.0,0.8,4.2
2013-11-01,0.0,5.6,16.4,27.0,0.8,6.4
2013-11-02,0.0,7.5,17.0,28.0,1.7,8.1
2013-11-03,0.0,9.2,16.2,21.0,0.3,4.7
2013-11-04,0.0,9.9,15.2,27.0,3.3,12.8
2013-11-05,0.0,14.1,20.4,29.0,3.6,13.6
2013-11-06,0.0,10.3,20.0,26.0,0.8,5.8
2013-11-07,0.0,11.2,15.4,27.0,1.1,5.0
2013-11-08,0.0,9.0,15.0,30.0,1.4,10.3
2013-11-09,0.0,6.6,14.5,22.0,1.9,13.1
2013-11-10,0.0,9.6,16.8,34.0,1.7,11.9
2013-11-11,0.0,8.0,18.9,3.0,0.8,7.8
2013-11-12,0.0,8.2,19.7,4.0,0.8,8.3
2013-11-13,0.0,11.5,18.0,4.0,3.1,11.9
2013-11-14,0.0,6.8,16.4,4.0,2.5,11.1
2013-11-15,0.0,4.4,11.4,34.0,3.1,17.5
2013-11-16,2.2,3.0,7.5,3.0,1.9,11.7
2013-11-17,10.1,3.6,6.5,6.0,1.1,5.0
2013-11-18,0.3,2.7,11.0,1.0,1.1,9.7
2013-11-19,0.0,3.8,13.2,3.0,2.2,13.1
2013-11-20,0.0,2.4,8.8,2.0,1.4,9.7
2013-11-21,0.0,1.0,10.4,29.0,2.5,11.1
2013-11-22,0.0,3.9,10.8,28.0,1.9,8.9
2013-11-23,0.0,0.4,9.7,3.0,1.7,11.7
2013-11-24,0.0,0.4,10.7,35.0,2.8,10.0
2013-11-25,0.0,0.4,12.7,2.0,1.4,8.1
2013-11-26,0.0,1.1,10.8,7.0,3.1,13.3
2013-11-27,1.1,1.2,10.1,5.0,2.5,12.8
2013-11-28,0.0,0.0,7.7,5.0,2.2,10.8
2013-11-29,0.0,-1.3,9.0,4.0,0.8,3.6
2013-11-30,0.0,-0.2,7.9,1.0,1.7,11.9
2013-12-01,0.0,1.0,11.8,2.0,2.8,8.9
2013-12-02,0.0,-1.4,8.8,3.0,0.8,6.9
2013-12-03,0.0,2.0,12.2,4.0,0.6,7.8
2013-12-04,0.0,1.6,13.2,5.0,0.3,3.9
2013-12-05,0.0,1.6,13.0,21.0,0.8,3.6
2013-12-06,0.0,0.6,12.7,4.0,1.7,7.5
2013-12-07,0.0,1.4,11.7,3.0,1.7,4.2
2013-12-08,0.0,0.4,10.6,4.0,0.3,3.6
2013-12-09,0.0,-1.0,8.4,4.0,0.8,5.6
2013-12-10,0.0,0.5,10.6,3.0,1.4,5.8
2013-12-11,0.0,3.0,10.2,3.0,1.4,5.8
2013-12-12,0.0,2.2,9.6,2.0,1.1,4.7
2013-12-13,3.2,2.2,8.5,8.0,0.0,2.5
2013-12-14,0.0,4.0,12.0,3.0,1.9,8.1
2013-12-15,0.0,2.6,12.7,2.0,1.1,5.8
2013-12-16,0.0,5.0,13.6,4.0,2.2,6.1
2013-12-17,0.0,5.0,9.0,10.0,1.1,4.7
2013-12-18,5.2,5.6,9.0,26.0,1.1,7.5
2013-12-19,12.6,4.0,9.4,24.0,1.4,13.9
2013-12-20,0.0,3.2,8.9,3.0,3.6,12.5
2013-12-21,0.0,-0.6,8.8,3.0,0.8,4.7
2013-12-22,0.0,0.1,9.4,3.0,0.3,4.4
2013-12-23,0.0,1.2,9.8,22.0,1.1,6.9
2013-12-24,20.1,5.8,10.8,19.0,2.2,15.0
2013-12-25,1.7,3.0,9.8,27.0,3.3,16.1
2013-12-26,0.0,1.6,9.7,28.0,3.3,15.3
2013-12-27,9.8,7.6,11.5,23.0,3.3,10.6
2013-12-28,0.0,3.2,9.5,31.0,2.5,11.7
2013-12-29,0.0,2.7,8.2,31.0,1.1,9.7
2013-12-30,0.0,0.0,7.0,21.0,0.8,4.4
2013-12-31,0.0,3.5,8.0,,1.4,
2014-01-01,4.7,6.2,9.2,22.0,2.2,9.7
2014-01-02,5.8,8.4,11.4,23.0,2.5,10.3
2014-01-03,10.2,9.8,13.0,26.0,2.2,11.4
2014-01-04,7.5,3.9,10.6,23.0,5.8,20.8
2014-01-05,0.6,3.3,8.6,28.0,2.8,9.7
2014-01-06,0.0,6.1,11.0,23.0,1.7,9.2
2014-01-07,0.0,8.2,12.8,5.0,0.6,4.4
2014-01-08,0.0,6.5,13.0,2.0,1.4,5.8
2014-01-09,0.0,6.4,14.4,4.0,1.1,6.1
2014-01-10,0.0,5.5,14.0,8.0,1.1,5.0
2014-01-11,0.0,6.2,12.2,20.0,0.3,3.3
2014-01-12,3.9,4.2,8.8,22.0,0.6,3.3
2014-01-13,0.0,5.0,10.2,29.0,2.5,10.8
2014-01-14,0.0,4.8,12.2,26.0,2.8,10.6
2014-01-15,3.0,6.2,9.7,23.0,2.2,7.8
2014-01-16,0.0,4.8,9.0,24.0,2.5,10.3
2014-01-17,6.5,3.2,8.3,15.0,2.2,10.0
2014-01-18,2.2,4.5,8.5,32.0,1.7,8.6
2014-01-19,5.6,3.4,6.5,29.0,1.1,8.3
2014-01-20,0.0,2.4,9.3,26.0,1.9,9.7
2014-01-21,12.0,0.8,8.8,28.0,1.7,14.7
2014-01-22,0.5,4.2,11.7,2.0,1.9,8.3
2014-01-23,0.0,3.2,12.3,2.0,1.7,9.2
2014-01-24,0.0,2.0,14.6,33.0,2.5,11.4
2014-01-25,0.0,8.0,15.7,29.0,1.7,10.3
2014-01-26,0.0,5.3,16.0,29.0,1.7,10.8
2014-01-27,0.0,6.1,11.6,32.0,4.2,18.1
2014-01-28,0.1,3.3,7.6,23.0,3.1,18.3
2014-01-29,1.1,3.5,8.6,24.0,2.5,11.9
2014-01-30,0.0,3.0,8.7,30.0,3.3,10.6
2014-01-31,0.0,5.2,11.8,25.0,3.1,9.7
2014-02-01,0.0,3.2,12.0,32.0,3.9,15.3
2014-02-02,0.0,1.0,9.1,22.0,1.9,10.6
2014-02-03,1.5,0.4,7.0,26.0,1.1,11.4
2014-02-04,4.2,2.6,7.8,19.0,2.5,11.1
2014-02-05,0.0,6.7,11.3,26.0,3.6,12.5
2014-02-06,3.8,6.8,15.5,19.0,3.9,16.7
2014-02-07,1.0,3.5,8.8,25.0,3.3,14.2
2014-02-08,0.5,4.6,11.4,24.0,3.9,14.2
2014-02-09,16.0,3.2,7.0,26.0,2.5,16.4
2014-02-10,0.0,3.6,7.8,30.0,5.8,17.8
2014-02-11,7.9,1.5,4.6,26.0,2.8,10.8
2014-02-12,0.6,2.7,7.3,25.0,0.6,5.8
2014-02-13,0.6,5.5,16.2,24.0,3.9,11.1
2014-02-14,5.6,9.4,15.0,24.0,3.1,15.0
2014-02-15,2.2,5.8,9.4,23.0,1.7,7.8
2014-02-16,0.0,3.8,10.5,31.0,0.6,7.8
2014-02-17,0.0,1.5,10.2,4.0,1.1,4.2
2014-02-18,0.0,4.7,11.6,4.0,1.9,8.1
2014-02-19,0.0,1.4,13.2,24.0,0.8,4.7
2014-02-20,2.5,2.8,11.1,23.0,2.2,7.5
2014-02-21,0.0,4.2,10.5,28.0,3.1,9.4
2014-02-22,0.0,2.0,10.6,23.0,1.7,7.8
2014-02-23,0.0,2.8,14.0,23.0,1.9,6.7
2014-02-24,1.8,4.8,10.7,24.0,2.2,8.6
2014-02-25,0.0,4.0,11.0,24.0,3.3,13.1
2014-02-26,2.0,3.6,11.3,28.0,2.5,11.7
2014-02-27,0.0,4.8,11.6,25.0,2.2,6.4
2014-02-28,0.0,6.3,14.4,27.0,3.9,18.9
2014-03-01,2.6,6.2,11.6,27.0,3.1,12.5
2014-03-02,0.4,10.0,16.5,28.0,3.6,11.7
2014-03-03,0.0,5.9,12.5,31.0,4.4,18.3
2014-03-04,0.0,5.0,11.9,30.0,3.9,17.5
2014-03-05,0.0,7.0,16.3,28.0,1.9,10.3
2014-03-06,0.0,5.4,20.4,8.0,0.3,6.4
2014-03-07,0.0,6.3,17.3,16.0,0.3,4.2
2014-03-08,0.0,7.0,19.0,14.0,1.7,6.4
2014-03-09,0.0,7.0,17.8,8.0,2.5,8.1
2014-03-10,0.0,5.2,18.6,4.0,0.8,7.2
2014-03-11,0.0,7.8,18.3,3.0,1.4,8.6
2014-03-12,0.0,6.8,16.6,16.0,0.6,8.6
2014-03-13,0.0,5.7,13.5,12.0,1.4,8.3
2014-03-14,0.0,4.6,15.8,8.0,0.6,5.8
2014-03-15,0.0,6.4,19.6,,0.0,
2014-03-16,0.0,7.0,22.3,10.0,0.8,6.1
2014-03-17,0.0,8.4,22.8,23.0,1.7,6.1
2014-03-18,0.0,8.3,23.2,4.0,1.4,10.0
2014-03-19,0.0,11.0,20.3,4.0,1.7,10.6
2014-03-20,0.0,10.4,22.0,1.0,1.4,6.7
2014-03-21,0.0,10.4,19.0,,0.8,
2014-03-22,0.0,7.4,16.2,33.0,4.2,12.2
2014-03-23,0.0,3.6,13.8,31.0,1.7,11.9
2014-03-24,0.0,3.2,13.0,30.0,1.9,12.2
2014-03-25,0.7,4.0,13.6,27.0,5.0,20.0
2014-03-26,0.0,3.1,13.5,32.0,3.1,15.3
2014-03-27,0.0,2.0,12.7,19.0,1.4,9.2
2014-03-28,0.0,6.0,15.7,11.0,4.2,12.8
2014-03-29,17.5,7.0,12.2,19.0,2.5,8.3
2014-03-30,0.7,6.6,14.0,24.0,2.2,8.3
2014-03-31,0.9,8.2,15.0,12.0,0.8,6.7
2014-04-01,0.0,10.0,19.5,18.0,3.1,12.8
2014-04-02,14.8,8.2,13.6,26.0,1.9,10.3
2014-04-03,0.0,6.6,15.6,27.0,3.1,11.1
2014-04-04,0.2,6.6,16.8,26.0,3.1,10.8
2014-04-05,2.6,10.0,18.6,27.0,1.1,7.5
2014-04-06,0.0,10.6,22.6,23.0,1.4,7.2
2014-04-07,0.0,10.6,24.8,27.0,1.7,8.1
2014-04-08,0.0,12.0,25.4,22.0,1.4,5.3
2014-04-09,0.0,12.5,26.0,23.0,1.4,6.7
2014-04-10,0.0,14.6,27.4,22.0,1.9,11.7
2014-04-11,0.0,12.6,26.0,24.0,1.7,10.3
2014-04-12,4.6,13.1,24.2,9.0,1.4,11.4
2014-04-13,0.0,11.0,23.8,13.0,1.1,5.0
2014-04-14,0.0,13.2,25.4,12.0,1.7,8.3
2014-04-15,0.1,15.0,25.7,31.0,0.8,12.5
2014-04-16,0.0,12.2,26.5,27.0,1.4,7.8
2014-04-17,0.0,14.0,28.0,6.0,1.4,9.7
2014-04-18,0.0,12.5,28.0,30.0,1.4,7.5
2014-04-19,0.0,10.6,23.6,27.0,1.9,11.7
2014-04-20,20.3,9.6,19.0,21.0,3.3,11.4
2014-04-21,3.3,10.0,13.2,26.0,1.1,5.3
2014-04-22,0.0,7.8,18.6,23.0,2.2,10.0
2014-04-23,8.6,9.0,19.6,23.0,1.9,10.8
2014-04-24,3.7,8.2,16.4,23.0,2.8,14.2
2014-04-25,0.0,5.6,16.8,28.0,3.3,13.6
2014-04-26,0.3,8.7,17.1,26.0,3.3,12.8
2014-04-27,0.0,7.6,19.4,29.0,3.1,10.6
2014-04-28,0.0,11.2,23.8,29.0,2.5,11.1
2014-04-29,0.0,11.3,24.4,28.0,1.9,9.7
2014-04-30,0.0,12.4,24.0,30.0,1.4,8.3
2014-05-01,0.0,12.4,25.0,30.0,2.2,7.8
2014-05-02,0.0,12.7,23.2,3.0,3.3,13.6
2014-05-03,0.0,8.5,23.5,3.0,2.8,11.1
2014-05-04,0.0,8.6,25.2,4.0,1.1,6.9
2014-05-05,0.0,12.0,27.7,21.0,1.4,9.4
2014-05-06,0.0,13.2,27.6,28.0,2.2,10.8
2014-05-07,0.0,16.4,24.7,3.0,0.3,4.4
2014-05-08,0.0,15.0,28.0,5.0,1.7,7.5
2014-05-09,0.0,17.0,30.4,3.0,2.2,7.8
2014-05-10,0.0,18.0,30.4,23.0,2.2,7.8
2014-05-11,0.0,17.2,27.8,32.0,1.9,7.5
2014-05-12,0.0,14.6,29.0,25.0,1.9,9.2
2014-05-13,0.0,11.2,24.0,4.0,3.1,13.6
2014-05-14,0.0,8.2,24.8,1.0,2.8,13.9
2014-05-15,0.0,12.4,26.4,4.0,1.4,10.3
2014-05-16,0.0,13.0,26.9,5.0,1.7,12.2
2014-05-17,0.0,11.0,25.0,4.0,1.9,10.0
2014-05-18,0.0,11.6,26.0,25.0,2.2,8.3
2014-05-19,0.2,12.6,22.6,25.0,3.6,15.0
2014-05-20,3.7,10.6,18.2,23.0,1.9,10.3
2014-05-21,2.3,8.3,17.1,25.0,3.3,13.6
2014-05-22,0.0,8.0,16.7,24.0,3.6,12.8
2014-05-23,3.1,9.6,19.2,25.0,2.8,10.0
2014-05-24,0.0,11.2,22.2,30.0,2.5,8.9
2014-05-25,0.0,11.6,22.0,25.0,2.8,11.1
2014-05-26,0.0,9.6,22.3,4.0,1.9,7.2
2014-05-27,1.3,13.6,22.7,5.0,1.7,8.1
2014-05-28,0.7,12.2,20.8,29.0,3.1,11.4
2014-05-29,0.0,10.9,22.8,28.0,1.7,7.8
2014-05-30,0.0,14.2,23.8,3.0,2.8,11.1
2014-05-31,0.4,10.2,21.6,4.0,3.3,12.8
2014-06-01,0.0,11.6,24.6,2.0,2.5,12.2
2014-06-02,0.0,12.0,26.7,2.0,0.8,8.1
2014-06-03,0.0,14.0,28.6,26.0,2.2,10.0
2014-06-04,0.0,16.6,28.8,23.0,2.2,9.2
2014-06-05,0.0,14.0,27.4,22.0,2.2,8.6
2014-06-06,0.0,16.8,29.0,22.0,3.1,13.6
2014-06-07,0.0,16.4,26.6,26.0,2.8,10.0
2014-06-08,0.0,15.0,29.4,27.0,1.9,7.8
2014-06-09,0.0,16.0,29.0,28.0,1.7,10.0
2014-06-10,0.0,14.8,28.0,26.0,1.7,7.2
2014-06-11,5.9,17.2,29.8,19.0,1.1,15.6
2014-06-12,0.0,17.0,31.7,6.0,1.1,8.9
2014-06-13,1.1,19.6,33.6,2.0,1.9,9.2
2014-06-14,0.0,19.6,33.5,3.0,2.8,12.2
2014-06-15,0.0,15.2,29.0,4.0,3.1,13.9
2014-06-16,0.0,13.6,26.4,3.0,2.2,11.9
2014-06-17,0.0,14.6,27.8,4.0,1.9,9.7
2014-06-18,0.0,16.2,31.0,4.0,1.7,9.2
2014-06-19,5.1,19.1,31.2,21.0,1.7,10.3
2014-06-20,0.0,19.0,29.4,14.0,1.7,8.3
2014-06-21,0.0,18.4,28.0,27.0,2.2,9.7
2014-06-22,0.0,16.5,29.0,19.0,1.1,6.4
2014-06-23,0.0,16.6,29.7,17.0,1.7,9.2
2014-06-24,0.0,17.0,19.8,3.0,1.7,8.9
2014-06-25,1.7,16.2,27.0,23.0,1.4,5.8
2014-06-26,0.4,15.5,26.2,30.0,0.6,5.8
2014-06-27,0.0,17.0,30.4,24.0,2.2,10.0
2014-06-28,0.0,17.0,29.6,21.0,3.9,14.7
2014-06-29,0.0,16.2,28.3,31.0,1.9,10.3
2014-06-30,0.0,16.2,29.9,22.0,2.5,10.3
2014-07-01,0.0,17.6,28.0,23.0,2.8,13.6
2014-07-02,1.1,14.6,27.3,13.0,1.4,16.1
2014-07-03,1.5,16.2,22.2,9.0,2.5,10.6
2014-07-04,0.0,13.4,28.7,16.0,1.7,9.2
2014-07-05,0.0,18.0,31.7,9.0,2.2,10.3
2014-07-06,0.0,17.5,26.1,24.0,3.6,11.4
2014-07-07,0.0,16.7,28.0,16.0,1.9,9.2
2014-07-08,0.0,15.8,30.0,9.0,0.3,10.8
2014-07-09,0.0,16.4,29.2,15.0,3.6,13.3
2014-07-10,0.0,13.2,29.0,9.0,2.2,10.3
2014-07-11,0.0,13.4,30.0,11.0,1.1,10.3
2014-07-12,0.0,15.4,31.2,6.0,2.2,8.6
2014-07-13,0.0,18.0,33.2,10.0,2.5,9.7
2014-07-14,0.0,20.8,35.0,20.0,1.4,10.3
2014-07-15,0.0,21.6,35.8,14.0,1.1,9.7
2014-07-16,0.0,22.8,37.2,26.0,0.8,6.9
2014-07-17,0.0,22.7,37.3,11.0,1.9,10.6
2014-07-18,0.0,23.4,35.0,33.0,2.8,13.3
2014-07-19,0.0,17.4,23.2,26.0,3.1,13.6
2014-07-20,0.0,16.0,26.2,15.0,2.8,10.0
2014-07-21,0.0,16.4,30.5,4.0,0.8,7.8
2014-07-22,0.0,18.8,34.0,8.0,1.7,10.3
2014-07-23,0.0,21.0,36.0,31.0,1.9,8.9
2014-07-24,0.0,22.7,35.3,29.0,2.2,8.9
2014-07-25,0.0,19.8,34.2,32.0,1.4,8.1
2014-07-26,0.0,21.5,35.3,9.0,1.4,7.2
2014-07-27,0.0,22.0,35.7,9.0,1.7,10.8
2014-07-28,0.0,22.0,35.7,11.0,1.9,12.5
2014-07-29,0.0,18.0,29.7,20.0,2.5,11.7
2014-07-30,0.0,15.5,31.6,10.0,2.5,9.7
2014-07-31,0.0,20.2,34.7,32.0,3.6,8.9
2014-08-01,0.0,20.0,28.0,10.0,3.1,12.5
2014-08-02,0.0,18.2,28.0,32.0,2.8,10.3
2014-08-03,0.0,17.6,29.2,9.0,1.4,7.5
2014-08-04,0.0,18.3,31.8,30.0,1.7,10.0
2014-08-05,0.0,21.0,33.5,32.0,1.9,7.2
2014-08-06,0.0,20.6,34.6,31.0,2.5,7.5
2014-08-07,0.0,21.2,34.9,12.0,2.5,7.2
2014-08-08,0.0,20.7,34.0,18.0,2.2,11.1
2014-08-09,0.0,21.0,32.0,34.0,2.8,9.7
2014-08-10,0.0,19.6,32.2,31.0,2.5,10.0
2014-08-11,0.0,20.0,32.7,30.0,1.4,6.1
2014-08-12,0.0,20.6,34.0,32.0,3.1,9.7
2014-08-13,0.0,18.4,29.4,5.0,2.5,10.8
2014-08-14,0.0,15.7,29.5,8.0,1.7,10.3
2014-08-15,0.0,17.4,31.2,10.0,1.9,12.2
2014-08-16,0.0,15.8,30.4,10.0,2.2,12.5
2014-08-17,0.0,17.5,32.2,11.0,1.7,6.1
2014-08-18,0.0,21.2,32.6,11.0,1.7,6.1
2014-08-19,0.0,19.2,32.8,25.0,2.8,10.3
2014-08-20,0.0,18.3,31.2,26.0,1.9,8.3
2014-08-21,0.0,18.3,30.5,32.0,2.2,11.9
2014-08-22,0.0,18.4,30.5,31.0,1.7,9.7
2014-08-23,0.0,16.7,30.7,9.0,1.4,6.7
2014-08-24,0.0,18.6,31.8,13.0,1.9,7.5
2014-08-25,0.0,18.3,34.0,27.0,2.2,10.6
2014-08-26,0.0,20.6,34.3,31.0,2.5,9.4
2014-08-27,0.0,20.1,34.7,2.0,1.1,7.2
2014-08-28,0.0,20.2,34.4,35.0,2.5,9.4
2014-08-29,0.0,20.0,33.0,9.0,0.3,8.6
2014-08-30,0.0,20.8,32.4,11.0,1.1,7.8
2014-08-31,0.0,21.6,33.6,33.0,1.1,6.9
2014-09-01,0.0,21.5,34.8,8.0,1.9,8.6
2014-09-02,0.1,22.4,36.4,30.0,2.5,15.8
2014-09-03,0.0,21.0,33.3,33.0,2.8,10.3
2014-09-04,0.0,19.0,30.6,23.0,1.7,9.2
2014-09-05,0.0,18.0,32.0,,1.4,7.5
2014-09-06,0.0,18.6,29.4,4.0,2.5,8.3
2014-09-07,0.0,18.1,28.7,7.0,1.9,10.0
2014-09-08,0.0,17.5,29.6,7.0,1.7,6.4
2014-09-09,0.0,18.0,30.2,31.0,1.7,6.7
2014-09-10,0.0,19.6,30.7,31.0,1.4,6.9
2014-09-11,0.0,18.0,28.5,31.0,2.8,10.3
2014-09-12,0.0,16.6,30.0,32.0,1.4,6.9
2014-09-13,0.0,17.8,30.4,21.0,1.1,7.2
2014-09-14,2.0,16.8,28.5,30.0,1.9,9.7
2014-09-15,0.0,15.2,25.2,31.0,1.4,11.7
2014-09-16,1.7,16.8,27.3,31.0,2.8,12.5
2014-09-17,0.2,16.3,25.6,35.0,2.2,13.1
2014-09-18,4.6,15.4,24.0,35.0,1.7,9.4
2014-09-19,0.3,14.4,22.0,9.0,1.7,10.0
2014-09-20,0.0,15.0,24.6,9.0,1.1,5.8
2014-09-21,11.0,15.6,27.0,32.0,1.9,9.2
2014-09-22,0.0,14.3,23.5,11.0,1.4,6.4
2014-09-23,1.1,14.2,23.0,30.0,1.4,8.6
2014-09-24,1.9,13.6,21.4,30.0,0.8,6.9
2014-09-25,0.0,11.6,22.4,13.0,1.4,8.3
2014-09-26,0.0,13.5,23.5,10.0,1.4,6.4
2014-09-27,1.6,15.0,22.6,18.0,3.1,8.6
2014-09-28,0.5,15.0,19.5,12.0,0.8,4.2
2014-09-29,0.0,14.2,23.3,24.0,1.1,5.3
2014-09-30,0.0,13.6,25.5,9.0,1.1,7.2
2014-10-01,0.0,15.8,25.7,28.0,1.9,6.4
2014-10-02,0.0,16.6,24.6,15.0,0.8,5.6
2014-10-03,0.0,15.7,25.4,15.0,1.1,6.4
2014-10-04,0.0,14.5,26.1,31.0,1.7,8.1
2014-10-05,0.0,15.4,24.8,11.0,2.5,10.0
2014-10-06,0.0,12.8,23.7,34.0,1.7,8.3
2014-10-07,0.0,13.6,23.7,18.0,3.3,9.2
2014-10-08,0.7,14.3,23.5,31.0,2.2,8.9
2014-10-09,38.9,15.3,20.0,33.0,2.5,9.2
2014-10-10,2.2,14.0,19.2,33.0,0.8,5.8
2014-10-11,14.8,14.2,20.2,28.0,1.1,18.1
2014-10-12,2.5,12.2,18.8,28.0,2.5,11.4
2014-10-13,11.7,11.5,15.8,33.0,3.3,10.3
2014-10-14,1.1,9.6,15.8,4.0,1.7,8.1
2014-10-15,0.0,9.3,15.8,29.0,1.7,10.3
2014-10-16,0.0,15.2,20.7,30.0,2.2,9.4
2014-10-17,0.0,13.8,22.0,25.0,0.8,5.8
2014-10-18,0.0,13.8,25.4,10.0,1.1,6.4
2014-10-19,0.0,16.4,25.2,,2.5,6.4
2014-10-20,0.0,15.2,24.7,9.0,1.4,6.7
2014-10-21,0.0,13.4,26.5,11.0,1.1,6.1
2014-10-22,0.0,15.2,23.5,8.0,1.9,7.5
2014-10-23,0.0,10.0,23.6,3.0,0.6,6.1
2014-10-24,0.0,13.3,26.0,7.0,1.4,6.7
2014-10-25,0.0,15.6,25.2,9.0,1.1,7.2
2014-10-26,0.0,14.4,24.5,9.0,1.4,6.1
2014-10-27,0.0,13.4,22.3,10.0,0.6,5.0
2014-10-28,0.0,11.8,20.5,9.0,0.6,5.6
2014-10-29,0.0,13.2,22.6,10.0,0.6,4.7
2014-10-30,0.0,12.6,23.5,15.0,0.0,6.1
2014-10-31,0.0,13.4,22.4,4.0,1.4,7.2
2014-11-01,0.0,11.4,20.3,9.0,1.1,4.4
2014-11-02,5.3,10.6,18.8,3.0,1.4,6.1
2014-11-03,14.4,10.0,14.7,34.0,2.5,13.6
2014-11-04,0.0,7.4,12.0,32.0,2.8,12.8
2014-11-05,0.0,5.4,13.2,4.0,2.2,8.9
2014-11-06,0.2,5.5,14.5,26.0,1.4,7.8
2014-11-07,0.5,10.1,17.2,33.0,2.5,8.9
2014-11-08,1.0,8.8,14.0,30.0,2.8,10.0
2014-11-09,0.0,5.0,12.6,36.0,3.1,8.6
2014-11-10,8.7,3.0,11.5,23.0,1.4,7.5
2014-11-11,10.6,7.0,11.6,2.0,1.1,7.8
2014-11-12,0.0,8.6,14.4,30.0,3.1,9.2
2014-11-13,4.1,8.5,15.5,15.0,1.4,7.5
2014-11-14,1.3,8.2,14.3,25.0,3.1,12.2
2014-11-15,0.2,6.6,11.7,25.0,3.6,13.3
2014-11-16,0.1,5.7,12.0,24.0,2.5,10.6
2014-11-17,0.0,5.4,13.4,27.0,1.7,8.6
2014-11-18,0.0,3.6,10.4,5.0,0.3,13.9
2014-11-19,0.0,7.1,14.5,7.0,1.9,18.9
2014-11-20,0.0,9.5,18.4,7.0,2.5,6.7
2014-11-21,0.0,8.8,15.4,5.0,1.4,6.4
2014-11-22,0.0,11.2,17.5,6.0,1.7,7.8
2014-11-23,3.0,13.0,16.4,15.0,1.1,6.1
2014-11-24,0.0,11.5,17.3,3.0,0.8,4.7
2014-11-25,4.5,9.6,16.0,28.0,0.8,8.3
2014-11-26,0.1,9.0,12.4,24.0,1.7,7.8
2014-11-27,5.9,7.8,11.5,16.0,1.9,8.6
2014-11-28,11.8,8.0,10.4,12.0,2.8,10.0
2014-11-29,1.1,8.0,10.6,4.0,1.1,9.2
2014-11-30,1.1,7.6,15.3,1.0,0.8,7.8
2014-12-01,0.0,8.0,16.2,1.0,1.9,13.3
2014-12-02,0.0,5.9,14.1,2.0,1.4,11.1
2014-12-03,0.0,6.2,10.4,2.0,0.8,7.2
2014-12-04,0.0,5.4,10.5,4.0,0.8,6.7
2014-12-05,0.0,4.2,11.5,4.0,1.4,7.2
2014-12-06,0.2,2.6,10.0,1.0,1.4,11.4
2014-12-07,0.0,1.7,10.4,2.0,1.4,10.3
2014-12-08,0.0,0.8,10.4,28.0,0.8,5.0
2014-12-09,0.0,3.2,10.4,1.0,1.1,11.1
2014-12-10,0.0,2.2,11.5,9.0,0.3,3.6
2014-12-11,0.0,2.0,11.8,3.0,0.3,16.1
2014-12-12,0.0,1.9,10.5,23.0,0.8,5.8
2014-12-13,16.7,5.0,11.8,16.0,2.5,9.2
2014-12-14,5.9,7.0,8.8,2.0,1.1,6.7
2014-12-15,0.0,5.6,11.0,5.0,1.7,8.3
2014-12-16,0.0,3.9,12.4,4.0,0.6,4.4
2014-12-17,0.0,4.0,12.6,15.0,0.6,13.9
2014-12-18,0.0,3.4,13.4,9.0,0.6,3.6
2014-12-19,0.0,3.3,12.2,25.0,0.6,2.5
2014-12-20,0.0,1.4,13.2,7.0,0.8,5.6
2014-12-21,0.0,5.2,12.2,5.0,1.1,6.1
2014-12-22,0.0,4.6,13.3,11.0,1.4,6.1
2014-12-23,0.0,3.8,11.2,6.0,0.8,6.1
2014-12-24,0.0,1.0,10.0,4.0,0.3,5.3
2014-12-25,0.0,3.0,11.2,4.0,1.7,6.1
2014-12-26,0.0,1.6,11.2,28.0,0.3,3.1
2014-12-27,0.0,2.1,8.8,26.0,1.4,8.6
2014-12-28,0.0,3.4,11.2,28.0,2.8,15.6
2014-12-29,0.0,1.6,8.9,2.0,3.3,13.6
2014-12-30,0.0,-1.9,9.3,9.0,0.6,3.6
2014-12-31,0.0,-1.6,9.4,7.0,0.8,2.8
2015-01-01,0.0,-1.0,10.4,21.0,0.8,3.9
2015-01-02,0.0,-1.0,12.0,4.0,0.6,3.9
2015-01-03,0.0,1.2,11.4,4.0,0.3,3.6
2015-01-04,0.0,1.4,14.0,4.0,0.3,3.3
2015-01-05,0.0,1.5,12.0,4.0,1.4,5.3
2015-01-06,0.0,0.8,9.8,8.0,0.8,3.1
2015-01-07,0.0,0.8,10.7,6.0,1.1,4.4
2015-01-08,0.0,0.4,12.3,4.0,0.8,5.3
2015-01-09,0.0,2.0,13.5,5.0,0.3,4.2
2015-01-10,0.0,1.7,12.6,27.0,0.8,3.3
2015-01-11,0.0,2.4,13.7,2.0,0.8,5.8
2015-01-12,0.0,3.6,11.8,4.0,1.1,7.2
2015-01-13,0.0,2.4,12.4,26.0,1.4,6.9
2015-01-14,0.0,2.4,8.2,8.0,0.6,3.3
2015-01-15,6.1,5.0,10.8,22.0,1.4,10.3
2015-01-16,0.0,2.6,8.0,31.0,2.2,9.7
2015-01-17,0.0,-1.1,8.5,22.0,1.7,7.5
2015-01-18,6.8,0.3,3.5,1.0,0.6,13.9
2015-01-19,0.0,0.6,7.2,3.0,4.4,15.3
2015-01-20,0.0,0.2,6.5,26.0,0.8,6.1
2015-01-21,0.4,0.8,5.6,29.0,1.7,11.1
2015-01-22,0.0,1.8,8.4,32.0,2.5,11.9
2015-01-23,0.0,0.4,9.8,2.0,2.8,8.6
2015-01-24,0.0,-1.4,10.7,2.0,0.0,13.9
2015-01-25,0.0,1.8,12.6,34.0,1.7,10.8
2015-01-26,0.0,0.5,12.9,5.0,0.8,5.0
2015-01-27,0.0,2.0,13.3,2.0,1.1,10.6
2015-01-28,0.0,1.3,12.8,33.0,0.3,6.4
2015-01-29,0.0,3.9,12.2,25.0,2.8,12.2
2015-01-30,3.7,9.6,15.4,25.0,4.2,14.2
2015-01-31,0.0,3.4,10.8,28.0,5.6,18.9
2015-02-01,0.0,1.8,8.0,30.0,3.3,13.9
2015-02-02,2.6,3.2,5.1,24.0,2.8,10.0
2015-02-03,4.3,2.0,9.6,30.0,2.5,12.8
2015-02-04,0.0,0.4,5.1,35.0,4.4,12.5
2015-02-05,0.0,0.6,5.6,1.0,3.6,17.2
2015-02-06,0.0,-0.4,5.7,25.0,2.2,10.0
2015-02-07,0.0,-1.0,3.4,5.0,1.4,7.8
2015-02-08,0.0,-1.7,8.5,2.0,1.1,8.3
2015-02-09,0.0,0.6,10.4,2.0,2.8,11.4
2015-02-10,0.0,2.8,9.0,8.0,1.9,6.4
2015-02-11,0.0,4.5,8.6,4.0,1.7,5.6
2015-02-12,0.0,4.2,11.6,4.0,1.4,5.6
2015-02-13,0.0,2.7,12.2,25.0,2.8,10.0
2015-02-14,4.3,6.7,12.3,26.0,3.1,11.7
2015-02-15,0.0,6.7,14.8,31.0,2.8,10.3
2015-02-16,6.9,6.0,13.1,2.0,1.1,11.7
2015-02-17,0.0,4.4,11.8,2.0,4.7,18.3
2015-02-18,0.0,3.7,10.8,7.0,3.1,12.2
2015-02-19,0.0,2.6,12.6,13.0,1.1,5.0
2015-02-20,3.4,2.1,11.3,23.0,0.8,6.1
2015-02-21,0.0,5.0,13.0,1.0,2.2,12.5
2015-02-22,0.0,2.2,13.8,28.0,2.5,9.7
2015-02-23,0.0,6.6,13.7,32.0,4.2,13.3
2015-02-24,0.0,4.2,11.5,29.0,3.9,13.6
2015-02-25,0.0,4.1,14.3,33.0,3.6,13.6
2015-02-26,0.0,6.6,13.4,30.0,2.2,9.4
2015-02-27,0.0,7.4,14.3,3.0,1.9,8.1
2015-02-28,0.0,3.8,16.4,27.0,1.4,8.6
2015-03-01,0.0,9.6,18.7,26.0,2.5,8.6
2015-03-02,0.0,8.1,18.1,23.0,1.4,5.8
2015-03-03,0.0,9.1,17.2,26.0,0.3,4.4
2015-03-04,0.0,5.0,15.2,1.0,3.1,11.7
2015-03-05,0.0,2.3,14.5,4.0,2.2,10.0
2015-03-06,0.0,4.6,18.3,3.0,1.7,10.0
2015-03-07,0.0,5.0,21.6,3.0,0.8,5.6
2015-03-08,0.0,6.1,22.2,4.0,0.8,8.6
2015-03-09,0.0,6.0,21.7,4.0,0.8,5.3
2015-03-10,0.0,8.2,22.6,23.0,1.9,5.8
2015-03-11,0.0,6.2,22.4,20.0,1.1,5.3
2015-03-12,0.0,8.0,21.5,22.0,0.8,6.7
2015-03-13,0.0,8.6,18.0,4.0,3.9,11.4
2015-03-14,0.0,4.4,13.7,1.0,3.3,11.9
2015-03-15,0.0,2.4,9.3,5.0,1.4,6.7
2015-03-16,0.0,1.2,12.5,2.0,1.4,5.8
2015-03-17,0.0,4.8,13.6,12.0,1.9,10.6
2015-03-18,9.0,3.2,9.1,9.0,2.5,8.9
2015-03-19,0.4,5.8,11.9,4.0,3.6,12.5
2015-03-20,4.7,8.2,13.1,3.0,5.6,16.1
2015-03-21,2.5,6.8,11.6,2.0,2.5,11.4
2015-03-22,5.2,7.7,12.5,3.0,1.9,9.2
2015-03-23,14.8,6.0,8.5,8.0,1.4,7.2
2015-03-24,0.0,6.1,14.0,5.0,4.2,13.1
2015-03-25,0.0,3.5,10.3,4.0,5.6,15.0
2015-03-26,0.0,2.5,14.7,31.0,2.2,11.7
2015-03-27,0.0,8.6,20.5,2.0,1.1,7.8
2015-03-28,0.0,8.6,25.0,34.0,1.7,10.0
2015-03-29,0.0,11.1,23.0,34.0,1.9,6.9
2015-03-30,0.0,13.0,26.7,30.0,2.5,7.8
2015-03-31,0.0,12.0,26.6,2.0,1.4,8.1
2015-04-01,0.0,9.8,22.3,3.0,1.9,8.9
2015-04-02,0.0,7.7,23.6,4.0,1.9,8.3
2015-04-03,0.0,12.3,24.0,5.0,1.7,8.1
2015-04-04,0.0,9.8,22.0,4.0,3.1,10.8
2015-04-05,0.0,9.0,23.7,4.0,1.4,10.0
2015-04-06,0.0,9.6,21.2,15.0,1.9,8.6
2015-04-07,0.0,8.2,18.3,14.0,3.1,20.8
2015-04-08,0.0,6.7,18.0,9.0,3.3,10.8
2015-04-09,5.8,6.1,10.8,3.0,2.5,8.3
2015-04-10,0.0,8.5,16.6,11.0,1.1,4.4
2015-04-11,0.0,9.8,22.0,7.0,2.5,12.8
2015-04-12,0.0,10.8,21.2,11.0,2.5,10.3
2015-04-13,0.0,12.7,23.0,13.0,4.7,14.7
2015-04-14,0.1,11.8,24.5,14.0,4.2,14.7
2015-04-15,18.2,11.4,18.8,11.0,1.9,9.2
2015-04-16,0.0,10.2,16.7,,2.8,8.9
2015-04-17,0.0,11.6,20.0,28.0,1.7,7.2
2015-04-18,0.0,9.2,18.9,27.0,3.1,13.1
2015-04-19,0.0,7.2,18.8,24.0,0.8,13.9
2015-04-20,0.0,8.6,21.3,4.0,2.2,6.1
2015-04-21,0.0,12.0,22.1,17.0,3.6,10.3
2015-04-22,0.0,11.8,21.6,23.0,2.2,10.0
2015-04-23,0.0,10.4,23.6,23.0,1.7,8.3
2015-04-24,0.0,12.1,22.5,23.0,1.7,8.3
2015-04-25,5.5,11.6,18.8,26.0,2.8,10.8
2015-04-26,17.5,9.2,15.0,30.0,0.6,17.5
2015-04-27,0.0,8.0,16.6,26.0,2.2,9.2
2015-04-28,0.0,8.6,19.5,27.0,2.2,8.1
2015-04-29,0.0,10.6,20.8,,2.2,8.9
2015-04-30,0.0,10.0,23.0,24.0,1.7,7.8
2015-05-01,0.0,12.9,23.7,25.0,1.9,7.2
2015-05-02,0.0,14.2,26.4,25.0,2.8,11.1
2015-05-03,0.1,16.8,21.4,23.0,1.4,9.2
2015-05-04,0.0,14.6,26.9,23.0,2.2,14.4
2015-05-05,0.0,11.5,21.0,26.0,3.1,10.6
2015-05-06,0.0,9.4,23.0,26.0,1.4,6.9
2015-05-07,0.0,11.1,28.2,21.0,1.9,6.4
2015-05-08,0.0,12.9,24.7,,3.3,
2015-05-09,0.0,13.0,28.2,10.0,1.4,5.3
2015-05-10,0.0,16.4,31.5,17.0,1.7,7.8
2015-05-11,0.0,17.2,32.4,25.0,1.4,6.1
2015-05-12,0.0,17.2,33.3,23.0,1.7,6.7
2015-05-13,0.0,19.5,35.5,26.0,2.2,9.4
2015-05-14,0.0,16.4,32.5,33.0,2.5,12.5
2015-05-15,0.0,11.8,23.0,3.0,3.9,13.3
2015-05-16,0.0,10.4,27.7,8.0,2.8,12.2
2015-05-17,0.0,13.6,30.0,5.0,1.7,9.2
2015-05-18,0.0,16.4,31.6,27.0,2.2,7.8
2015-05-19,0.0,10.4,22.8,3.0,5.0,13.6
2015-05-20,0.0,7.4,21.6,5.0,2.8,12.2
2015-05-21,0.0,8.4,22.3,4.0,2.8,10.3
2015-05-22,0.0,7.7,22.7,3.0,3.3,13.6
2015-05-23,0.0,9.5,23.8,4.0,3.6,13.3
2015-05-24,0.0,11.4,24.7,4.0,2.5,12.8
2015-05-25,0.0,13.7,25.8,,1.9,8.9
2015-05-26,0.0,12.5,27.9,4.0,2.8,10.3
2015-05-27,0.0,13.3,29.3,5.0,3.1,11.7
2015-05-28,0.0,16.2,31.3,6.0,1.4,6.4
2015-05-29,0.0,17.1,30.4,27.0,2.2,11.7
2015-05-30,0.0,15.0,29.9,32.0,1.9,8.6
2015-05-31,0.0,16.3,30.8,22.0,1.9,8.3
2015-06-01,0.0,17.4,31.5,27.0,2.2,8.9
2015-06-02,0.0,18.4,32.6,16.0,1.9,8.3
2015-06-03,0.0,19.8,33.6,15.0,2.5,9.2
2015-06-04,0.0,19.2,32.3,16.0,1.4,8.1
2015-06-05,0.0,18.0,32.2,11.0,1.7,6.7
2015-06-06,0.0,19.4,34.0,3.0,1.7,8.6
2015-06-07,0.0,21.2,34.1,13.0,2.5,9.4
2015-06-08,0.0,19.8,33.0,,1.7,6.9
2015-06-09,0.7,18.4,32.3,33.0,2.5,12.5
2015-06-10,9.1,17.0,27.3,23.0,1.7,9.7
2015-06-11,20.7,15.4,22.5,23.0,2.2,10.8
2015-06-12,0.0,14.5,23.0,26.0,3.3,11.7
2015-06-13,0.0,15.1,22.1,25.0,2.5,11.4
2015-06-14,2.8,12.6,22.4,24.0,2.5,11.7
2015-06-15,2.2,11.6,20.6,5.0,0.3,8.3
2015-06-16,0.0,12.6,25.4,2.0,1.4,7.8
2015-06-17,0.0,14.6,26.8,6.0,2.5,11.4
2015-06-18,0.0,14.7,30.0,4.0,1.9,10.0
2015-06-19,0.0,17.7,32.4,5.0,2.2,11.7
2015-06-20,0.0,17.3,33.7,4.0,1.7,10.3
2015-06-21,0.1,20.0,35.1,4.0,1.9,8.3
2015-06-22,0.0,22.0,34.0,22.0,2.2,9.7
2015-06-23,9.0,19.0,31.6,12.0,1.7,11.1
2015-06-24,0.0,17.4,30.4,3.0,0.8,6.7
2015-06-25,0.0,19.3,32.8,22.0,1.7,6.4
2015-06-26,0.0,19.9,35.4,22.0,1.7,8.3
2015-06-27,0.0,20.8,37.3,23.0,1.9,7.8
2015-06-28,0.0,22.2,38.8,13.0,1.7,9.4
2015-06-29,0.0,24.9,39.3,5.0,1.1,8.3
2015-06-30,0.0,24.6,38.4,20.0,3.1,10.8
2015-07-01,0.0,22.7,35.6,27.0,2.2,8.6
2015-07-02,0.0,22.2,33.0,14.0,1.4,10.8
2015-07-03,0.0,22.4,36.5,22.0,2.8,11.1
2015-07-04,0.0,23.2,36.7,16.0,1.4,9.2
2015-07-05,0.0,23.5,37.1,20.0,1.9,8.3
2015-07-06,0.0,24.0,39.6,24.0,2.2,10.3
2015-07-07,0.0,22.8,38.3,27.0,3.1,11.9
2015-07-08,0.0,24.1,38.2,4.0,3.1,10.8
2015-07-09,0.0,22.0,38.9,4.0,2.5,8.9
2015-07-10,0.0,22.7,37.4,23.0,2.8,11.1
2015-07-11,0.0,22.4,37.4,3.0,1.9,6.9
2015-07-12,0.0,23.2,37.5,21.0,1.7,7.8
2015-07-13,0.0,24.2,38.6,3.0,1.7,8.6
2015-07-14,0.0,24.4,39.5,4.0,1.7,9.2
2015-07-15,0.0,24.5,39.4,3.0,1.4,7.2
2015-07-16,0.0,24.2,38.3,22.0,2.2,9.7
2015-07-17,0.0,25.6,36.3,28.0,1.4,7.8
2015-07-18,0.0,23.4,33.6,29.0,2.8,11.1
2015-07-19,0.0,22.4,34.4,23.0,1.1,8.3
2015-07-20,0.0,23.4,36.8,20.0,1.7,6.4
2015-07-21,0.0,22.8,37.3,29.0,2.5,10.8
2015-07-22,3.6,24.0,34.2,30.0,1.1,11.7
2015-07-23,0.0,21.6,36.9,4.0,2.5,8.3
2015-07-24,0.0,21.8,34.3,24.0,2.2,9.7
2015-07-25,0.0,20.0,33.8,4.0,1.4,9.2
2015-07-26,0.0,22.0,36.3,32.0,2.5,8.6
2015-07-27,0.0,23.7,37.6,27.0,1.7,9.7
2015-07-28,0.0,23.0,38.0,22.0,1.9,9.2
2015-07-29,0.0,22.5,36.8,24.0,2.2,11.9
2015-07-30,0.0,22.0,34.3,23.0,2.2,11.4
2015-07-31,0.0,19.6,30.5,27.0,3.1,11.9
2015-08-01,0.0,17.6,31.7,3.0,1.1,9.7
2015-08-02,0.0,21.2,34.6,17.0,1.9,7.2
2015-08-03,0.0,23.0,35.5,26.0,2.8,8.9
2015-08-04,0.0,21.5,34.5,22.0,1.7,9.2
2015-08-05,0.0,21.6,35.5,22.0,1.7,10.0
2015-08-06,0.0,19.8,37.2,27.0,2.8,9.7
2015-08-07,0.0,20.4,35.4,24.0,2.2,11.1
2015-08-08,0.0,20.6,33.6,3.0,2.8,12.8
2015-08-09,0.0,16.2,33.3,,1.9,9.7
2015-08-10,0.0,18.6,36.8,4.0,1.7,9.2
2015-08-11,0.0,21.3,34.0,24.0,2.5,10.8
2015-08-12,0.0,19.8,32.6,27.0,1.4,7.5
2015-08-13,0.0,16.7,27.5,26.0,3.6,11.1
2015-08-14,0.0,15.0,27.0,,1.9,7.5
2015-08-15,0.0,17.6,28.2,26.0,1.4,12.8
2015-08-16,0.0,17.5,29.5,24.0,1.7,7.5
2015-08-17,0.0,19.6,31.7,5.0,1.7,10.0
2015-08-18,0.0,19.2,32.3,3.0,1.7,12.5
2015-08-19,0.0,18.2,32.4,7.0,1.4,9.2
2015-08-20,0.0,19.8,34.2,4.0,1.4,7.2
2015-08-21,0.9,22.0,33.1,4.0,1.1,13.3
2015-08-22,0.0,17.4,31.7,24.0,2.5,11.7
2015-08-23,0.1,18.0,26.0,24.0,3.9,13.1
2015-08-24,0.0,13.6,24.8,27.0,2.2,13.3
2015-08-25,0.0,14.4,29.0,3.0,0.8,5.0
2015-08-26,0.0,18.6,32.1,23.0,1.7,9.2
2015-08-27,0.0,18.2,32.3,22.0,2.5,11.4
2015-08-28,0.0,17.0,34.2,14.0,1.4,8.1
2015-08-29,0.0,22.0,34.8,14.0,2.8,9.4
2015-08-30,2.3,21.5,34.8,16.0,2.5,20.8
2015-08-31,0.0,19.8,28.0,33.0,1.9,8.9
2015-09-01,0.0,18.0,30.0,6.0,1.7,6.7
2015-09-02,0.0,19.2,29.5,8.0,2.2,8.3
2015-09-03,0.0,16.7,26.5,4.0,1.1,9.4
2015-09-04,0.5,16.1,26.0,31.0,2.2,14.7
2015-09-05,0.0,13.5,26.8,4.0,1.4,9.4
2015-09-06,0.3,16.6,27.1,10.0,0.8,6.7
2015-09-07,0.7,16.2,27.3,15.0,2.2,6.1
2015-09-08,0.0,14.0,27.7,28.0,1.4,7.8
2015-09-09,0.0,15.5,28.2,24.0,2.5,9.7
2015-09-10,0.0,17.4,28.0,25.0,1.9,8.9
2015-09-11,0.0,16.8,30.1,26.0,2.2,9.2
2015-09-12,0.0,19.0,27.4,,1.9,9.2
2015-09-13,0.0,16.8,24.4,23.0,3.6,13.6
2015-09-14,0.0,13.8,24.2,26.0,2.2,8.3
2015-09-15,0.9,14.4,19.8,24.0,2.2,13.1
2015-09-16,7.0,14.4,21.7,24.0,3.6,17.8
2015-09-17,0.0,10.0,20.0,27.0,1.9,8.3
2015-09-18,0.0,11.2,23.8,4.0,1.7,7.2
2015-09-19,0.0,13.2,25.4,4.0,0.8,6.1
2015-09-20,0.0,14.5,28.1,3.0,1.1,6.4
2015-09-21,0.0,14.0,29.0,,1.7,7.5
2015-09-22,0.0,13.7,28.4,31.0,1.7,10.0
2015-09-23,0.0,15.0,24.1,4.0,3.1,10.3
2015-09-24,0.0,14.1,27.1,,1.4,7.2
2015-09-25,0.0,16.0,28.9,2.0,1.4,6.4
2015-09-26,0.0,16.6,28.0,28.0,0.8,11.1
2015-09-27,0.0,16.0,26.5,4.0,0.3,8.3
2015-09-28,0.0,13.8,24.2,11.0,1.4,6.9
2015-09-29,0.0,12.7,23.6,15.0,1.7,6.7
2015-09-30,0.0,15.3,23.4,32.0,1.1,5.8
2015-10-01,0.0,12.4,25.0,30.0,1.9,8.9
2015-10-02,0.0,14.0,25.5,25.0,1.9,9.7
2015-10-03,0.2,14.5,23.7,24.0,1.1,9.4
2015-10-04,4.2,15.5,22.0,22.0,2.2,9.2
2015-10-05,16.3,16.7,22.4,26.0,4.2,13.3
2015-10-06,0.0,14.0,20.7,25.0,3.3,12.5
2015-10-07,0.0,12.2,20.2,3.0,0.6,6.7
2015-10-08,0.0,11.6,22.0,4.0,0.8,8.6
2015-10-09,0.0,11.9,21.5,22.0,1.4,5.3
2015-10-10,3.8,10.8,22.3,22.0,1.7,7.2
2015-10-11,0.3,13.7,19.8,24.0,1.9,8.1
2015-10-12,0.0,14.6,21.8,24.0,0.6,6.7
2015-10-13,2.3,11.2,15.7,5.0,1.9,10.8
2015-10-14,0.0,7.4,17.2,6.0,0.8,4.4
2015-10-15,0.0,7.5,19.1,4.0,0.8,5.8
2015-10-16,0.0,8.0,20.0,,0.6,4.7
2015-10-17,8.4,12.7,22.6,3.0,1.1,5.6
2015-10-18,20.9,13.6,18.3,8.0,0.8,6.4
2015-10-19,0.5,13.2,19.0,15.0,1.4,5.8
2015-10-20,0.0,11.4,20.0,3.0,2.8,12.8
2015-10-21,0.0,6.8,16.2,3.0,0.8,6.4
2015-10-22,0.0,7.2,18.8,2.0,1.1,6.4
2015-10-23,0.0,9.3,18.4,4.0,1.1,6.9
2015-10-24,0.0,11.6,20.1,3.0,0.6,4.7
2015-10-25,0.0,13.4,20.4,15.0,1.7,6.7
2015-10-26,0.8,13.0,18.2,15.0,1.4,5.8
2015-10-27,2.8,9.2,16.5,24.0,3.1,12.5
2015-10-28,0.1,8.5,15.3,22.0,2.8,10.6
2015-10-29,0.0,11.5,16.3,,1.1,
2015-10-30,0.0,10.9,20.3,11.0,1.4,5.8
2015-10-31,0.0,12.0,19.7,13.0,1.7,6.9
2015-11-01,17.5,14.1,19.0,11.0,2.8,11.7
2015-11-02,11.7,9.9,15.0,3.0,2.5,11.1
2015-11-03,0.2,9.2,13.8,18.0,1.7,8.6
2015-11-04,0.5,10.9,16.0,,0.8,4.7
2015-11-05,0.0,12.0,17.3,25.0,1.1,6.1
2015-11-06,0.0,11.3,19.4,,0.6,3.6
2015-11-07,0.0,11.5,21.4,4.0,0.8,3.9
2015-11-08,0.0,12.6,20.8,16.0,1.7,6.1
2015-11-09,0.0,10.9,20.6,4.0,0.8,4.4
2015-11-10,0.0,9.4,19.2,4.0,1.1,5.0
2015-11-11,0.0,8.4,19.3,15.0,0.6,3.3
2015-11-12,0.0,7.7,19.2,3.0,0.8,3.3
2015-11-13,0.0,8.2,19.2,4.0,0.8,8.6
2015-11-14,0.0,9.6,16.3,4.0,0.8,9.4
2015-11-15,0.0,7.2,17.2,4.0,0.6,4.2
2015-11-16,0.0,6.7,16.0,23.0,0.8,4.2
2015-11-17,0.0,5.7,15.5,11.0,0.6,3.3
2015-11-18,0.0,6.0,18.3,5.0,0.3,2.8
2015-11-19,0.0,8.5,19.0,17.0,0.6,2.8
2015-11-20,0.0,7.9,18.7,26.0,0.6,8.9
2015-11-21,0.6,4.4,15.9,29.0,2.5,15.3
2015-11-22,0.0,3.3,9.0,27.0,2.2,8.3
2015-11-23,0.0,2.7,10.2,36.0,2.2,10.3
2015-11-24,0.0,2.0,10.6,31.0,0.6,6.7
2015-11-25,0.0,7.6,15.8,27.0,2.5,10.6
2015-11-26,0.0,6.2,15.7,1.0,2.2,12.5
2015-11-27,0.0,7.0,15.8,4.0,1.4,7.8
2015-11-28,0.0,5.0,15.4,4.0,1.1,6.9
2015-11-29,0.0,2.4,12.6,4.0,0.3,3.6
2015-11-30,0.0,1.5,14.5,3.0,0.6,4.4
2015-12-01,0.0,2.6,14.0,3.0,0.6,3.9
2015-12-02,0.0,3.7,13.2,22.0,0.3,3.1
2015-12-03,0.0,4.3,14.7,4.0,0.6,3.3
2015-12-04,0.0,6.2,16.3,4.0,0.3,4.4
2015-12-05,0.0,6.8,16.6,5.0,0.8,4.2
2015-12-06,0.0,5.9,15.1,3.0,0.6,3.9
2015-12-07,0.0,7.0,11.7,5.0,1.1,4.7
2015-12-08,0.0,7.2,13.8,5.0,0.6,3.9
2015-12-09,0.0,8.4,14.5,4.0,1.7,8.3
2015-12-10,0.0,7.3,13.1,4.0,1.4,5.0
2015-12-11,0.0,8.5,13.5,12.0,1.4,5.3
2015-12-12,0.0,8.5,11.5,11.0,0.8,5.0
2015-12-13,0.0,5.1,12.2,24.0,0.8,6.4
2015-12-14,0.2,8.8,14.1,23.0,1.4,5.8
2015-12-15,0.0,8.0,15.3,4.0,0.6,5.3
2015-12-16,0.0,6.2,15.5,5.0,0.6,4.7
2015-12-17,0.0,6.0,14.8,4.0,0.0,3.9
2015-12-18,0.0,7.1,14.9,4.0,0.3,3.3
2015-12-19,0.0,6.3,15.4,5.0,0.8,4.7
2015-12-20,0.0,6.4,15.3,27.0,0.8,8.6
2015-12-21,0.0,5.0,13.3,5.0,0.8,5.8
2015-12-22,0.0,4.5,14.6,5.0,0.6,5.6
2015-12-23,0.0,4.6,14.2,3.0,0.3,5.3
2015-12-24,0.0,3.2,10.0,16.0,0.3,2.8
2015-12-25,0.0,2.9,13.2,6.0,0.3,5.3
2015-12-26,0.0,3.5,11.1,4.0,0.3,5.8
2015-12-27,0.0,5.4,13.5,8.0,2.2,6.4
2015-12-28,3.3,6.2,14.1,14.0,2.2,8.3
2015-12-29,0.0,5.6,10.6,25.0,1.1,6.1
2015-12-30,0.5,6.8,10.4,22.0,0.3,5.0
2015-12-31,0.1,9.2,12.2,27.0,1.4,6.1
2016-01-01,3.2,8.2,14.4,26.0,1.9,8.9
2016-01-02,0.0,5.0,11.4,28.0,1.9,9.2
2016-01-03,0.4,4.7,11.9,22.0,2.5,10.3
2016-01-04,4.1,6.8,13.5,26.0,6.4,23.3
2016-01-05,0.0,4.1,9.6,27.0,3.1,11.9
2016-01-06,0.3,1.4,8.9,26.0,2.2,14.2
2016-01-07,0.5,8.9,14.4,28.0,4.4,13.9
2016-01-08,6.0,10.4,12.9,22.0,1.9,11.7
2016-01-09,0.2,8.2,11.5,26.0,2.5,12.8
2016-01-10,12.0,8.5,12.0,24.0,3.9,17.2
2016-01-11,0.4,5.2,11.3,25.0,3.6,17.2
2016-01-12,0.0,3.1,10.6,26.0,1.4,6.9
2016-01-13,0.0,2.0,9.6,15.0,0.6,3.9
2016-01-14,2.1,3.8,8.6,23.0,0.6,5.3
2016-01-15,0.0,4.0,9.6,2.0,2.2,11.9
2016-01-16,0.0,0.6,8.3,4.0,1.9,10.3
2016-01-17,0.0,-0.9,7.0,26.0,0.6,5.3
2016-01-18,0.0,2.2,9.8,33.0,2.8,9.2
2016-01-19,0.0,2.7,8.8,29.0,1.1,5.8
2016-01-20,0.0,1.6,9.2,27.0,0.3,4.2
2016-01-21,0.0,4.6,9.0,9.0,0.3,3.3
2016-01-22,0.8,6.0,11.3,4.0,1.1,4.7
2016-01-23,0.0,8.2,16.2,3.0,1.1,5.0
2016-01-24,0.0,8.2,17.5,4.0,0.6,4.7
2016-01-25,0.0,8.0,16.4,8.0,0.8,4.7
2016-01-26,0.0,7.0,14.4,23.0,0.8,5.6
2016-01-27,0.0,7.0,10.1,16.0,0.6,3.9
2016-01-28,3.7,7.4,9.6,22.0,1.1,5.8
2016-01-29,0.5,6.5,10.6,4.0,1.9,7.8
2016-01-30,0.0,4.2,12.9,23.0,1.1,6.9
2016-01-31,0.0,7.0,14.8,30.0,0.3,8.1
2016-02-01,0.0,5.3,15.4,4.0,0.6,4.7
2016-02-02,0.0,5.8,14.2,4.0,0.3,5.0
2016-02-03,0.0,5.7,14.4,2.0,2.8,10.8
2016-02-04,0.0,3.5,11.2,8.0,1.4,8.9
2016-02-05,0.0,3.2,10.7,3.0,0.8,6.1
2016-02-06,13.8,2.5,11.5,28.0,1.4,13.3
2016-02-07,0.0,3.9,10.6,29.0,1.7,14.7
2016-02-08,0.0,5.5,12.2,24.0,2.5,9.4
2016-02-09,0.6,8.6,12.6,25.0,4.7,18.6
2016-02-10,0.0,8.5,14.3,27.0,4.4,15.6
2016-02-11,2.8,10.5,16.2,27.0,2.8,13.9
2016-02-12,6.2,8.8,13.5,26.0,4.2,16.1
2016-02-13,2.3,11.6,13.8,23.0,4.4,15.3
2016-02-14,2.4,4.4,12.0,28.0,3.6,17.8
2016-02-15,0.0,3.0,10.5,1.0,4.2,17.5
2016-02-16,0.0,0.7,8.5,2.0,3.6,14.7
2016-02-17,2.2,-2.5,8.6,25.0,1.4,9.7
2016-02-18,1.7,3.4,10.2,3.0,1.4,8.9
2016-02-19,0.0,1.5,11.0,4.0,2.5,9.2
2016-02-20,0.0,2.2,13.5,4.0,1.4,6.7
2016-02-21,0.0,4.2,13.7,5.0,1.4,6.4
2016-02-22,0.0,5.0,15.2,3.0,1.1,6.7
2016-02-23,0.0,4.9,15.0,22.0,1.7,6.4
2016-02-24,1.5,4.2,10.7,,2.2,9.2
2016-02-25,0.0,4.4,13.0,33.0,2.5,11.7
2016-02-26,5.8,3.3,8.2,,1.9,13.6
2016-02-27,0.0,2.6,8.2,30.0,4.2,17.8
2016-02-28,0.0,3.7,11.7,,3.3,
2016-02-29,0.0,2.9,13.4,2.0,1.9,11.7
2016-03-01,0.0,1.6,16.6,23.0,0.6,4.7
2016-03-02,0.0,4.1,18.5,30.0,2.5,12.5
2016-03-03,0.0,4.8,15.5,27.0,1.9,7.8
2016-03-04,1.5,4.4,15.2,26.0,3.1,14.4
2016-03-05,0.0,2.8,10.8,33.0,2.2,12.5
2016-03-06,1.1,2.0,11.3,34.0,2.2,10.6
2016-03-07,0.5,3.6,10.5,2.0,3.6,13.1
2016-03-08,0.0,3.8,10.9,3.0,3.3,14.2
2016-03-09,0.0,3.1,14.5,33.0,3.6,15.8
2016-03-10,0.0,3.0,11.4,35.0,3.6,15.8
2016-03-11,0.0,4.2,13.9,1.0,2.5,12.8
2016-03-12,0.0,1.5,13.7,4.0,1.1,5.8
2016-03-13,0.0,2.6,15.3,4.0,1.1,8.9
2016-03-14,0.0,2.5,13.1,3.0,1.9,11.1
2016-03-15,0.0,3.0,14.9,5.0,2.2,6.7
2016-03-16,0.0,2.7,16.4,36.0,1.4,6.1
2016-03-17,0.0,5.1,16.2,21.0,2.5,7.8
2016-03-18,18.4,4.6,14.0,23.0,2.2,8.9
2016-03-19,0.2,7.3,12.4,23.0,2.5,11.1
2016-03-20,0.1,4.5,13.7,23.0,0.6,10.0
2016-03-21,19.8,5.9,14.2,13.0,1.7,9.7
2016-03-22,0.1,5.6,14.6,4.0,1.9,7.5
2016-03-23,0.0,4.3,14.0,5.0,1.9,8.6
2016-03-24,0.0,3.1,19.0,8.0,1.1,6.1
2016-03-25,0.0,4.9,17.2,23.0,0.8,5.3
2016-03-26,0.5,6.2,15.6,24.0,3.1,11.7
2016-03-27,0.0,7.5,15.8,26.0,3.6,12.2
2016-03-28,0.0,8.4,13.5,25.0,2.8,9.2
2016-03-29,0.0,9.0,18.7,25.0,2.8,8.6
2016-03-30,0.5,7.8,22.5,22.0,1.7,10.0
2016-03-31,0.0,4.3,13.2,25.0,3.9,18.3
2016-04-01,0.0,4.5,14.4,1.0,2.5,9.2
2016-04-02,0.0,3.5,17.1,27.0,2.5,8.3
2016-04-03,6.6,8.2,14.6,25.0,2.8,13.1
2016-04-04,13.2,6.6,9.9,23.0,1.1,6.9
2016-04-05,0.0,7.0,16.0,1.0,3.9,14.7
2016-04-06,0.0,6.0,20.1,4.0,1.9,7.2
2016-04-07,0.0,6.7,20.4,6.0,1.7,14.7
2016-04-08,0.0,5.3,14.2,1.0,3.1,15.6
2016-04-09,0.0,5.3,18.8,24.0,1.9,8.9
2016-04-10,1.9,6.3,13.8,26.0,3.9,13.1
2016-04-11,5.8,4.8,13.5,23.0,1.9,10.3
2016-04-12,11.8,7.2,12.7,27.0,2.2,12.5
2016-04-13,0.0,7.0,15.8,21.0,3.3,10.3
2016-04-14,0.0,7.8,18.9,25.0,1.4,8.3
2016-04-15,1.8,8.2,19.4,24.0,2.8,13.9
2016-04-16,14.7,9.9,13.8,23.0,2.8,14.4
2016-04-17,0.0,7.1,17.4,23.0,2.5,9.2
2016-04-18,0.0,7.5,21.6,10.0,2.5,9.7
2016-04-19,27.8,10.5,14.5,8.0,1.4,7.8
2016-04-20,2.6,8.5,12.2,9.0,1.1,10.8
2016-04-21,1.0,8.2,17.4,22.0,1.7,8.1
2016-04-22,0.0,9.6,17.5,32.0,1.4,8.3
2016-04-23,3.9,9.1,18.5,4.0,1.4,9.7
2016-04-24,0.0,7.5,18.2,2.0,1.7,8.9
2016-04-25,0.0,5.8,20.6,4.0,1.4,7.5
2016-04-26,0.0,7.8,22.3,23.0,2.2,8.1
2016-04-27,1.1,11.0,21.6,,1.7,9.7
2016-04-28,0.0,10.5,18.5,4.0,1.7,6.7
2016-04-29,1.0,10.4,19.2,18.0,1.1,8.1
2016-04-30,0.0,8.4,19.8,3.0,3.1,10.6
2016-05-01,0.0,4.5,18.0,3.0,2.2,9.4
2016-05-02,0.0,4.9,23.7,2.0,1.9,7.2
2016-05-03,0.0,10.6,26.5,4.0,1.7,7.2
2016-05-04,0.0,13.0,27.5,,1.4,7.5
2016-05-05,1.2,14.5,20.8,15.0,2.2,11.7
2016-05-06,8.3,10.8,16.2,14.0,1.4,8.9
2016-05-07,5.7,10.6,16.6,24.0,1.4,8.9
2016-05-08,14.8,9.5,12.4,15.0,2.2,11.7
2016-05-09,7.6,8.5,13.7,25.0,1.9,9.2
2016-05-10,6.6,8.4,16.7,14.0,1.7,10.8
2016-05-11,6.4,7.0,15.8,13.0,0.8,8.3
2016-05-12,0.0,8.2,16.0,22.0,2.5,10.0
2016-05-13,0.3,8.3,16.6,30.0,1.1,10.6
2016-05-14,0.0,9.0,19.3,31.0,0.8,6.7
2016-05-15,0.0,13.0,20.3,4.0,1.9,8.3
2016-05-16,0.0,9.2,23.7,3.0,1.1,7.8
2016-05-17,0.0,12.0,25.0,4.0,1.4,6.1
2016-05-18,0.0,12.4,25.9,32.0,2.5,8.9
2016-05-19,0.0,12.8,26.2,4.0,1.4,8.6
2016-05-20,0.0,14.0,28.2,,1.7,5.6
2016-05-21,0.0,15.5,29.2,26.0,2.5,9.4
2016-05-22,0.0,13.4,23.0,28.0,3.1,14.4
2016-05-23,0.0,10.3,22.1,3.0,1.1,5.8
2016-05-24,0.0,14.6,25.6,25.0,2.5,10.0
2016-05-25,0.0,14.2,20.8,21.0,1.7,8.6
2016-05-26,0.0,13.9,24.8,27.0,1.7,7.5
2016-05-27,0.0,12.7,25.6,26.0,2.2,10.8
2016-05-28,4.2,12.2,20.6,25.0,1.7,17.8
2016-05-29,0.0,11.3,19.9,26.0,3.1,12.5
2016-05-30,0.0,11.2,21.6,34.0,1.7,7.8
2016-05-31,0.0,10.8,24.1,1.0,1.1,8.9
2016-06-01,0.0,12.0,27.1,4.0,1.7,7.2
2016-06-02,0.0,12.5,28.5,4.0,1.1,6.7
2016-06-03,0.6,16.0,29.5,21.0,2.5,9.2
2016-06-04,0.0,14.6,27.4,26.0,1.9,6.9
2016-06-05,0.0,15.4,28.4,14.0,1.9,6.1
2016-06-06,0.0,16.0,29.4,20.0,1.9,10.3
2016-06-07,0.0,18.4,32.7,28.0,1.9,6.4
2016-06-08,0.0,19.2,34.2,26.0,1.7,7.5
2016-06-09,0.0,19.7,34.7,23.0,2.2,9.4
2016-06-10,0.0,19.4,31.0,25.0,3.1,9.7
2016-06-11,0.0,19.0,31.2,32.0,2.5,15.6
2016-06-12,0.0,17.2,31.5,25.0,1.9,17.2
2016-06-13,0.0,19.0,31.7,,3.3,12.2
2016-06-14,0.0,16.2,29.2,32.0,3.3,12.2
2016-06-15,0.5,13.0,21.5,22.0,2.8,15.0
2016-06-16,0.0,10.8,19.7,27.0,3.1,11.4
2016-06-17,0.0,11.3,22.5,26.0,1.9,8.3
2016-06-18,0.0,13.7,24.5,,2.5,8.6
2016-06-19,0.0,11.8,27.8,5.0,1.4,8.6
2016-06-20,0.0,14.6,32.3,1.0,1.4,8.3
2016-06-21,0.0,19.5,34.2,14.0,1.7,8.3
2016-06-22,0.0,19.7,35.3,14.0,2.5,10.3
2016-06-23,0.0,19.3,33.4,22.0,2.5,9.7
2016-06-24,0.0,20.2,34.4,25.0,2.5,11.1
2016-06-25,0.0,19.0,33.3,2.0,2.2,13.9
2016-06-26,0.0,17.0,32.0,4.0,1.4,12.5
2016-06-27,0.0,19.0,34.3,6.0,1.1,8.3
2016-06-28,0.0,21.3,35.8,20.0,1.9,10.8
2016-06-29,0.0,22.4,35.4,29.0,2.5,11.4
2016-06-30,0.0,21.2,34.3,24.0,1.7,9.2
2016-07-01,0.0,21.0,34.5,23.0,1.9,8.6
2016-07-02,0.0,21.2,36.0,4.0,1.7,10.8
2016-07-03,0.0,20.4,36.5,5.0,1.9,11.1
2016-07-04,0.2,22.4,34.9,29.0,2.2,10.6
2016-07-05,5.5,19.3,35.1,30.0,1.7,12.2
2016-07-06,5.7,19.2,34.4,34.0,1.9,8.9
2016-07-07,0.0,20.4,31.3,33.0,2.5,10.0
2016-07-08,0.0,21.3,34.4,1.0,1.4,7.8
2016-07-09,0.0,23.0,36.7,16.0,0.8,6.9
2016-07-10,0.0,24.4,38.4,15.0,1.7,6.9
2016-07-11,0.0,24.9,37.2,24.0,2.5,11.4
2016-07-12,0.0,22.0,34.4,3.0,1.7,11.1
2016-07-13,0.0,16.2,30.2,5.0,3.1,13.9
2016-07-14,0.0,13.0,30.5,3.0,2.5,13.3
2016-07-15,0.0,14.0,31.2,,1.4,10.6
2016-07-16,0.0,19.4,34.0,3.0,0.8,5.8
2016-07-17,0.0,21.2,36.5,15.0,0.8,8.3
2016-07-18,0.0,21.6,38.6,16.0,2.8,8.6
2016-07-19,0.0,22.2,36.9,21.0,0.8,6.9
2016-07-20,0.0,24.4,35.4,16.0,2.5,12.8
2016-07-21,0.0,21.0,35.3,23.0,1.9,9.4
2016-07-22,0.0,20.4,33.2,4.0,1.9,12.2
2016-07-23,0.0,17.8,31.7,4.0,2.8,10.8
2016-07-24,0.0,19.2,33.2,,1.4,8.1
2016-07-25,0.0,21.4,36.6,5.0,1.7,10.0
2016-07-26,0.0,23.3,38.0,2.0,1.4,11.7
2016-07-27,0.0,24.1,38.0,6.0,1.7,10.3
2016-07-28,0.0,23.2,37.4,1.0,1.9,8.3
2016-07-29,0.0,24.6,38.4,22.0,2.8,10.0
2016-07-30,0.0,24.4,35.7,24.0,3.3,10.8
2016-07-31,0.0,19.9,34.4,32.0,1.7,9.7
2016-08-01,0.0,20.6,34.7,4.0,1.4,10.0
2016-08-02,0.0,22.2,36.7,6.0,1.9,9.7
2016-08-03,0.0,23.3,37.9,18.0,1.7,8.3
2016-08-04,0.0,22.6,36.0,26.0,2.8,11.7
2016-08-05,0.0,20.6,33.0,4.0,2.2,10.0
2016-08-06,0.0,20.0,35.2,5.0,2.2,8.6
2016-08-07,0.0,19.7,36.2,5.0,1.9,7.5
2016-08-08,0.0,22.4,35.4,23.0,0.3,5.0
2016-08-09,0.0,19.7,35.3,1.0,1.1,13.9
2016-08-10,0.0,16.6,29.5,4.0,3.3,14.2
2016-08-11,0.0,15.9,31.0,3.0,1.9,10.8
2016-08-12,0.0,18.6,33.0,4.0,1.1,6.9
2016-08-13,0.0,20.6,34.2,14.0,1.1,7.2
2016-08-14,0.0,20.3,34.4,15.0,1.7,10.0
2016-08-15,0.0,21.3,34.1,22.0,1.7,8.9
2016-08-16,0.0,21.7,34.2,28.0,1.9,8.9
2016-08-17,0.0,20.0,33.6,26.0,1.1,7.5
2016-08-18,0.0,20.6,33.7,24.0,1.7,5.8
2016-08-19,0.0,20.4,34.9,24.0,1.4,9.4
2016-08-20,0.0,22.0,33.0,,2.2,10.8
2016-08-21,0.0,18.2,32.5,5.0,1.9,10.8
2016-08-22,0.0,21.4,35.3,3.0,1.4,7.8
2016-08-23,0.0,23.2,36.0,14.0,1.4,6.1
2016-08-24,0.0,21.4,34.7,13.0,1.9,7.5
2016-08-25,0.0,20.6,34.5,15.0,1.4,7.2
2016-08-26,0.0,21.4,33.3,13.0,1.4,6.1
2016-08-27,0.0,22.3,35.5,28.0,2.2,9.2
2016-08-28,0.0,22.0,35.4,,1.7,7.8
2016-08-29,0.0,21.5,34.5,4.0,2.5,11.7
2016-08-30,0.0,18.0,32.5,5.0,1.9,10.0
2016-08-31,0.0,20.5,33.3,7.0,1.1,8.3
2016-09-01,0.0,21.6,34.0,13.0,1.7,10.3
2016-09-02,0.0,20.2,34.1,,0.8,5.0
2016-09-03,0.0,22.4,36.0,22.0,1.4,6.1
2016-09-04,0.0,22.2,37.0,,1.7,8.9
2016-09-05,0.0,22.4,37.4,30.0,1.4,7.8
2016-09-06,0.0,22.4,38.9,26.0,1.1,6.4
2016-09-07,0.0,23.4,38.5,27.0,2.5,13.6
2016-09-08,0.0,20.4,33.4,25.0,1.7,8.9
2016-09-09,0.0,19.9,31.0,29.0,1.4,6.4
2016-09-10,0.0,20.5,32.0,5.0,1.1,7.2
2016-09-11,0.0,20.6,32.2,5.0,1.1,7.2
2016-09-12,0.9,20.1,33.4,17.0,1.4,11.4
2016-09-13,7.0,14.2,25.3,26.0,2.8,15.8
2016-09-14,0.2,13.2,18.2,30.0,2.2,10.3
2016-09-15,0.0,10.5,20.2,30.0,1.4,8.6
2016-09-16,0.0,12.6,24.5,34.0,1.1,7.8
2016-09-17,0.0,13.6,23.4,,2.2,9.4
2016-09-18,0.0,11.6,23.8,8.0,0.6,8.9
2016-09-19,0.0,11.7,24.7,4.0,0.8,5.8
2016-09-20,0.0,15.2,26.5,4.0,1.7,6.7
2016-09-21,0.0,13.9,27.9,22.0,1.4,9.2
2016-09-22,0.0,13.0,27.6,27.0,1.1,7.5
2016-09-23,0.0,15.0,27.3,,1.1,
2016-09-24,0.0,15.0,27.1,26.0,1.1,6.1
2016-09-25,0.0,15.7,26.4,4.0,0.8,7.5
2016-09-26,0.0,17.0,26.4,4.0,1.4,7.5
2016-09-27,0.0,16.5,27.6,3.0,1.1,9.7
2016-09-28,0.0,15.4,25.0,3.0,1.9,8.6
2016-09-29,0.0,14.2,24.9,12.0,1.1,5.6
2016-09-30,0.0,14.7,25.6,23.0,1.4,5.3
2016-10-01,0.0,14.8,26.8,26.0,1.9,11.1
2016-10-02,0.0,13.5,26.2,24.0,1.4,8.1
2016-10-03,0.0,14.6,27.2,20.0,0.8,4.7
2016-10-04,0.0,15.4,27.4,22.0,1.1,5.0
2016-10-05,0.0,16.2,26.5,4.0,1.4,6.1
2016-10-06,0.0,15.6,27.6,23.0,1.1,7.8
2016-10-07,0.0,12.8,26.2,22.0,1.1,6.7
2016-10-08,0.0,12.6,25.7,24.0,0.8,6.1
2016-10-09,0.0,13.6,24.4,4.0,1.1,7.8
2016-10-10,0.0,12.2,24.4,25.0,1.1,8.1
2016-10-11,6.0,9.7,23.3,25.0,1.4,9.2
2016-10-12,13.3,11.0,14.4,13.0,0.6,5.0
2016-10-13,1.1,11.0,16.5,26.0,1.4,7.2
2016-10-14,0.4,11.0,18.4,27.0,0.6,8.1
2016-10-15,0.0,8.0,17.7,21.0,0.6,5.6
2016-10-16,0.0,10.3,19.9,26.0,0.6,5.0
2016-10-17,5.0,14.0,18.4,2.0,1.1,5.0
2016-10-18,6.1,13.2,19.7,2.0,0.8,5.8
2016-10-19,4.7,14.4,18.6,23.0,0.3,3.3
2016-10-20,1.9,13.6,18.2,3.0,0.8,4.4
2016-10-21,0.3,11.4,18.9,4.0,0.6,4.2
2016-10-22,21.8,12.8,16.3,15.0,0.8,6.4
2016-10-23,12.8,11.5,14.4,17.0,1.7,10.8
2016-10-24,0.6,10.4,14.5,15.0,1.4,6.4
2016-10-25,1.4,12.7,19.4,,1.4,6.4
2016-10-26,0.0,13.8,22.8,,0.6,5.8
2016-10-27,0.0,15.5,23.4,4.0,1.1,6.7
2016-10-28,0.0,14.3,21.6,11.0,0.6,4.7
2016-10-29,0.0,12.5,21.6,4.0,0.6,5.3
2016-10-30,0.0,9.0,22.9,2.0,0.6,4.2
2016-10-31,0.0,8.8,21.2,5.0,0.3,3.6
2016-11-01,0.0,8.5,17.8,4.0,0.3,3.3
2016-11-02,0.0,10.2,20.2,24.0,0.6,4.2
2016-11-03,5.5,10.9,21.0,27.0,0.6,3.9
2016-11-04,11.7,11.8,16.2,27.0,0.6,7.2
2016-11-05,14.4,7.6,15.3,22.0,2.2,14.2
2016-11-06,0.0,5.3,13.4,26.0,1.4,8.9
2016-11-07,0.6,4.0,10.6,32.0,0.8,5.0
2016-11-08,0.2,2.2,11.4,32.0,2.2,8.3
2016-11-09,0.0,6.5,15.5,25.0,1.9,7.8
2016-11-10,0.0,4.4,12.2,19.0,0.8,3.9
2016-11-11,0.0,4.0,13.6,4.0,0.3,3.9
2016-11-12,0.0,4.3,13.1,18.0,0.3,2.5
2016-11-13,0.0,7.2,17.1,5.0,1.1,9.2
2016-11-14,0.0,5.6,14.8,3.0,1.9,8.9
2016-11-15,0.0,5.6,14.8,4.0,1.7,7.2
2016-11-16,0.0,4.7,14.3,23.0,0.8,3.6
2016-11-17,0.0,5.0,16.0,22.0,0.6,4.2
2016-11-18,0.0,6.5,13.4,30.0,0.0,4.2
2016-11-19,5.7,4.4,12.0,24.0,0.6,8.1
2016-11-20,15.7,6.8,10.8,22.0,0.3,12.2
2016-11-21,0.1,7.0,12.0,22.0,1.9,11.9
2016-11-22,0.1,6.5,9.5,2.0,0.8,5.3
2016-11-23,1.4,4.3,8.4,2.0,1.1,6.4
2016-11-24,0.0,2.9,8.5,26.0,0.8,6.1
2016-11-25,12.4,3.4,5.9,2.0,1.1,5.8
2016-11-26,19.9,5.5,10.0,12.0,1.4,6.4
2016-11-27,7.0,8.2,10.9,4.0,1.7,6.7
2016-11-28,0.0,7.2,12.6,2.0,1.9,8.6
2016-11-29,1.0,6.8,12.0,4.0,1.4,5.3
2016-11-30,0.0,9.2,14.0,14.0,2.8,8.9
2016-12-01,0.0,9.4,11.2,13.0,1.1,5.8
2016-12-02,0.0,6.9,12.6,22.0,0.6,3.3
2016-12-03,12.1,6.2,11.7,10.0,1.9,7.2
2016-12-04,5.3,9.2,11.5,12.0,1.9,8.1
2016-12-05,0.0,9.6,14.0,3.0,2.2,7.2
2016-12-06,0.0,7.7,13.3,4.0,1.4,6.1
2016-12-07,0.0,5.0,12.7,,0.3,2.8
2016-12-08,0.0,5.4,12.2,,0.3,4.2
2016-12-09,0.0,6.0,13.0,4.0,1.1,4.4
2016-12-10,0.0,7.8,13.7,21.0,0.8,4.2
2016-12-11,0.0,4.6,13.0,5.0,0.0,4.4
2016-12-12,0.0,4.2,10.2,24.0,0.3,2.5
2016-12-13,0.0,3.4,9.9,7.0,0.6,2.5
2016-12-14,5.8,6.2,9.8,3.0,0.8,4.4
2016-12-15,3.8,7.2,10.3,8.0,0.8,4.7
2016-12-16,2.8,7.3,9.0,5.0,1.7,9.7
2016-12-17,0.0,8.2,12.6,5.0,4.7,14.2
2016-12-18,0.0,5.4,11.0,4.0,3.6,11.4
2016-12-19,0.0,3.1,10.4,3.0,1.9,13.1
2016-12-20,0.0,1.4,10.1,4.0,0.3,4.7
2016-12-21,0.0,3.8,12.0,9.0,0.3,5.3
2016-12-22,0.0,4.5,11.5,7.0,0.3,2.5
2016-12-23,0.0,5.1,12.5,3.0,0.0,5.0
2016-12-24,0.0,4.5,13.2,2.0,1.7,6.4
2016-12-25,0.0,3.0,11.4,4.0,0.6,5.6
2016-12-26,0.0,2.0,13.2,5.0,0.0,3.3
2016-12-27,0.0,5.0,14.5,4.0,0.3,5.8
2016-12-28,0.0,4.4,13.5,4.0,0.3,6.1
2016-12-29,0.0,1.6,12.2,4.0,0.0,3.3
2016-12-30,0.0,-1.2,11.2,4.0,0.3,2.5
2016-12-31,0.0,-2.4,3.3,4.0,0.0,2.8
2017-01-01,0.0,-0.6,4.0,4.0,0.0,3.3
2017-01-02,0.0,-0.8,6.2,4.0,0.8,4.4
2017-01-03,0.0,1.7,10.2,25.0,0.0,3.3
2017-01-04,0.0,2.2,11.5,23.0,0.8,3.6
2017-01-05,0.0,4.7,9.8,28.0,0.6,2.8
2017-01-06,0.0,1.1,9.8,,,
2017-01-07,0.0,-0.3,10.4,4.0,0.0,4.2
2017-01-08,0.0,-0.5,11.5,2.0,0.6,5.6
2017-01-09,0.0,-0.4,11.2,26.0,0.6,3.3
2017-01-10,0.0,3.4,12.0,8.0,0.8,4.4
2017-01-11,0.0,4.8,16.0,3.0,3.1,10.8
2017-01-12,0.0,4.4,12.7,30.0,0.8,11.1
2017-01-13,0.0,4.0,10.5,32.0,3.1,13.9
2017-01-14,0.0,-0.5,8.2,3.0,2.2,18.3
2017-01-15,0.0,1.8,11.4,1.0,0.6,7.8
2017-01-16,0.0,0.5,11.8,1.0,0.8,12.5
2017-01-17,0.0,0.4,11.2,4.0,3.3,13.1
2017-01-18,0.0,-3.0,5.0,2.0,1.1,12.5
2017-01-19,0.0,-2.8,7.0,5.0,3.6,16.1
2017-01-20,0.0,3.0,8.4,3.0,4.2,15.3
2017-01-21,0.0,3.5,11.0,4.0,2.2,11.7
2017-01-22,0.0,-0.4,9.5,3.0,0.6,8.9
2017-01-23,0.0,3.2,11.4,4.0,1.1,6.4
2017-01-24,0.0,0.4,13.0,26.0,0.8,5.0
2017-01-25,0.0,-0.2,10.5,23.0,0.6,5.0
2017-01-26,12.5,-0.3,8.2,11.0,0.6,5.3
2017-01-27,7.5,3.2,7.0,16.0,0.8,8.9
2017-01-28,0.0,2.6,10.2,29.0,1.1,10.8
2017-01-29,1.5,4.9,9.1,26.0,0.3,6.4
2017-01-30,0.0,8.2,11.5,25.0,0.3,5.8
2017-01-31,0.0,7.7,13.8,9.0,0.8,4.7
2017-02-01,4.2,5.3,10.9,24.0,0.3,9.2
2017-02-02,3.0,7.3,12.1,23.0,1.9,14.7
2017-02-03,0.2,6.5,12.2,23.0,3.6,26.1
2017-02-04,3.7,9.0,14.2,24.0,5.0,16.9
2017-02-05,0.0,4.2,10.9,25.0,5.6,17.2
2017-02-06,0.0,6.1,15.4,31.0,3.9,13.9
2017-02-07,0.8,6.0,13.0,28.0,1.9,10.8
2017-02-08,0.0,2.8,9.8,27.0,1.7,10.6
2017-02-09,0.0,1.0,9.5,4.0,0.3,5.6
2017-02-10,4.5,2.3,5.8,5.0,0.8,5.3
2017-02-11,9.7,4.0,7.3,4.0,2.2,12.2
2017-02-12,16.5,6.2,12.0,12.0,3.6,14.2
2017-02-13,0.7,6.0,12.0,10.0,3.1,13.1
2017-02-14,0.0,3.8,11.8,4.0,0.3,5.0
2017-02-15,0.0,5.3,14.0,4.0,1.1,5.8
2017-02-16,0.0,6.3,11.3,4.0,0.8,4.4
2017-02-17,0.0,3.3,14.0,4.0,0.6,5.3
2017-02-18,0.0,4.0,13.6,17.0,0.3,3.3
2017-02-19,0.0,6.7,13.5,2.0,1.7,8.6
2017-02-20,0.0,4.8,13.6,4.0,1.4,6.1
2017-02-21,0.0,4.7,16.0,3.0,1.1,5.8
2017-02-22,0.0,7.0,18.5,3.0,2.2,6.9
2017-02-23,1.5,9.9,15.0,32.0,0.6,6.7
2017-02-24,0.0,8.0,16.6,3.0,0.8,7.8
2017-02-25,0.0,3.4,17.0,23.0,1.1,5.6
2017-02-26,0.0,6.4,14.2,24.0,1.1,7.2
2017-02-27,0.0,7.2,13.0,24.0,2.2,10.8
2017-02-28,0.0,6.8,12.4,23.0,3.1,10.8
2017-03-01,0.0,5.2,16.0,26.0,1.1,6.9
2017-03-02,0.0,5.8,16.3,21.0,0.8,5.0
2017-03-03,2.1,3.9,12.0,22.0,2.2,13.9
2017-03-04,0.0,1.0,9.6,26.0,1.4,12.5
2017-03-05,0.0,4.8,12.4,25.0,1.1,8.3
2017-03-06,0.0,9.4,18.8,30.0,1.9,15.3
2017-03-07,0.0,8.9,19.4,33.0,1.9,10.6
2017-03-08,0.0,7.8,21.6,,1.1,3.3
2017-03-09,0.0,8.8,24.8,24.0,0.8,5.0
2017-03-10,0.0,9.8,26.1,24.0,0.8,6.1
2017-03-11,0.0,9.6,22.6,27.0,0.8,8.3
2017-03-12,0.0,7.2,19.0,33.0,3.1,17.8
2017-03-13,0.0,7.2,15.5,1.0,5.3,16.4
2017-03-14,0.0,10.1,19.5,4.0,2.5,15.8
2017-03-15,0.0,9.7,20.8,10.0,1.9,8.3
2017-03-16,0.0,7.0,20.4,11.0,2.2,9.7
2017-03-17,0.0,7.2,20.5,8.0,1.4,7.2
2017-03-18,0.0,7.2,21.5,6.0,1.1,4.7
2017-03-19,0.0,7.6,23.5,23.0,1.1,5.0
2017-03-20,0.0,11.0,24.2,23.0,1.7,7.2
2017-03-21,0.0,8.8,16.5,26.0,2.5,10.8
2017-03-22,2.4,2.9,12.2,26.0,2.5,13.9
2017-03-23,5.1,0.0,5.3,27.0,0.8,7.2
2017-03-24,4.5,1.3,9.5,24.0,0.8,8.3
2017-03-25,2.9,-0.4,9.3,24.0,1.4,8.3
2017-03-26,2.1,5.5,15.3,16.0,1.7,10.3
2017-03-27,0.1,6.6,13.8,24.0,3.1,11.4
2017-03-28,0.0,7.5,17.9,27.0,0.8,6.1
2017-03-29,0.0,6.5,20.3,24.0,0.8,4.7
2017-03-30,0.0,9.0,21.1,22.0,1.7,6.7
2017-03-31,0.0,11.0,19.7,26.0,3.3,15.6
2017-04-01,0.0,8.0,17.3,30.0,3.3,13.6
2017-04-02,0.0,6.7,19.0,8.0,2.2,9.7
2017-04-03,0.0,5.7,19.3,4.0,1.1,8.6
2017-04-04,0.0,7.0,22.0,5.0,1.4,11.1
2017-04-05,0.0,8.2,19.0,4.0,3.1,11.7
2017-04-06,0.0,8.0,21.5,10.0,2.2,10.0
2017-04-07,0.0,9.7,23.0,6.0,1.4,7.5
2017-04-08,0.0,10.0,23.2,10.0,0.8,4.4
2017-04-09,0.0,10.6,24.0,11.0,1.7,7.2
2017-04-10,0.0,10.6,25.3,12.0,0.6,5.3
2017-04-11,0.0,12.3,27.7,21.0,0.8,6.4
2017-04-12,0.0,12.0,28.2,23.0,1.4,8.3
2017-04-13,0.0,12.0,27.4,26.0,2.2,10.8
2017-04-14,0.0,13.0,25.4,23.0,1.7,9.7
2017-04-15,0.0,13.5,27.0,,1.7,8.9
2017-04-16,0.0,11.0,26.0,4.0,1.9,8.1
2017-04-17,0.0,12.7,27.6,3.0,1.7,9.2
2017-04-18,0.0,14.0,27.5,4.0,1.9,10.8
2017-04-19,2.5,12.0,23.5,2.0,2.8,10.3
2017-04-20,0.0,9.4,19.5,12.0,3.1,11.7
2017-04-21,0.0,6.1,21.7,14.0,2.2,9.2
2017-04-22,0.0,6.1,21.7,9.0,0.8,6.7
2017-04-23,0.0,10.9,26.0,15.0,0.8,4.7
2017-04-24,1.3,12.6,27.0,3.0,1.1,9.4
2017-04-25,0.0,12.9,23.2,25.0,2.5,14.7
2017-04-26,0.2,6.3,20.5,4.0,1.7,13.1
2017-04-27,0.0,3.8,16.1,4.0,3.6,15.3
2017-04-28,3.3,3.3,17.8,2.0,3.3,13.9
2017-04-29,4.5,7.8,12.4,11.0,0.6,6.1
2017-04-30,0.6,7.7,14.4,25.0,1.7,14.7
2017-05-01,0.0,5.2,18.6,30.0,1.1,8.1
2017-05-02,0.0,9.2,23.7,,1.7,6.4
2017-05-03,0.0,12.0,26.7,24.0,1.1,6.7
2017-05-04,0.0,14.2,26.0,5.0,1.4,5.3
2017-05-05,0.3,11.5,23.0,28.0,3.6,13.6
2017-05-06,0.0,9.5,21.6,23.0,1.7,8.3
2017-05-07,0.0,12.0,26.4,3.0,1.7,7.5
2017-05-08,0.0,14.7,28.8,2.0,1.4,8.3
2017-05-09,0.0,16.2,28.6,22.0,3.3,13.3
2017-05-10,15.0,12.8,23.0,27.0,3.1,11.7
2017-05-11,3.4,10.3,16.1,25.0,3.3,17.2
2017-05-12,2.1,10.4,17.8,23.0,2.2,11.9
2017-05-13,0.0,11.8,20.4,24.0,2.8,12.2
2017-05-14,0.0,10.8,23.2,27.0,1.4,7.2
2017-05-15,0.0,13.6,26.5,4.0,1.4,5.6
2017-05-16,0.0,16.5,29.8,16.0,1.4,7.5
2017-05-17,6.3,17.6,28.3,32.0,1.4,7.2
2017-05-18,0.0,12.6,20.2,28.0,2.2,12.5
2017-05-19,0.0,10.0,23.0,2.0,1.7,8.9
2017-05-20,0.0,11.4,26.7,9.0,1.1,4.4
2017-05-21,0.0,16.1,26.7,12.0,2.8,8.9
2017-05-22,0.0,15.2,28.8,4.0,0.3,10.3
2017-05-23,0.0,18.5,31.8,4.0,2.2,10.6
2017-05-24,0.0,17.5,32.0,17.0,1.4,7.8
2017-05-25,0.0,19.6,33.0,18.0,1.4,6.9
2017-05-26,0.0,18.6,33.7,27.0,1.9,8.3
2017-05-27,0.0,19.5,33.0,12.0,1.9,11.7
2017-05-28,0.0,19.4,27.3,14.0,2.2,7.2
2017-05-29,0.0,18.3,26.3,,2.2,8.6
2017-05-30,0.0,16.4,27.0,4.0,0.8,8.3
2017-05-31,0.0,16.6,30.5,,,
2017-06-01,0.0,18.4,32.1,2.0,1.7,7.5
2017-06-02,0.6,18.2,32.3,7.0,1.7,13.9
2017-06-03,0.0,17.7,28.6,2.0,1.4,11.1
2017-06-04,0.0,15.3,27.5,34.0,3.3,11.7
2017-06-05,0.0,12.4,26.6,34.0,0.6,9.7
2017-06-06,0.0,15.5,28.6,34.0,0.8,9.7
2017-06-07,0.0,16.9,31.8,16.0,1.1,7.5
2017-06-08,0.0,20.0,33.8,23.0,1.9,6.7
2017-06-09,0.0,20.8,32.8,24.0,1.4,8.9
2017-06-10,0.0,20.8,35.1,4.0,0.8,6.4
2017-06-11,0.0,22.8,37.2,12.0,1.4,6.4
2017-06-12,0.0,23.6,37.0,14.0,1.9,8.9
2017-06-13,0.0,22.8,36.2,15.0,1.4,8.6
2017-06-14,0.0,23.6,37.2,27.0,2.2,8.6
2017-06-15,0.1,24.0,39.0,12.0,1.9,16.1
2017-06-16,0.0,23.0,37.6,,1.4,6.7
2017-06-17,0.0,25.5,40.0,4.0,1.4,7.8
2017-06-18,0.0,25.0,38.6,14.0,1.1,13.6
2017-06-19,0.5,21.0,33.5,9.0,1.4,14.2
2017-06-20,0.0,21.2,32.8,32.0,1.9,12.2
2017-06-21,0.0,21.6,36.3,24.0,1.1,5.8
2017-06-22,0.0,24.5,37.0,22.0,1.7,7.8
2017-06-23,0.0,21.7,36.2,25.0,2.2,9.7
2017-06-24,0.0,21.5,36.3,22.0,2.8,12.8
2017-06-25,3.4,18.8,35.3,36.0,2.5,14.7
2017-06-26,0.1,17.3,30.7,36.0,2.8,9.7
2017-06-27,0.0,18.5,29.0,36.0,3.6,12.8
2017-06-28,0.0,15.7,26.0,23.0,4.7,15.3
2017-06-29,0.0,12.8,23.7,30.0,3.3,13.6
2017-06-30,0.0,10.9,22.6,33.0,1.7,10.0
2017-07-01,0.0,12.6,25.0,6.0,2.2,10.6
2017-07-02,0.0,13.4,31.6,7.0,3.1,11.4
2017-07-03,0.0,18.0,34.0,6.0,0.8,5.8
2017-07-04,0.0,21.0,35.5,14.0,2.5,10.3
2017-07-05,3.5,21.2,35.5,13.0,2.2,10.8
2017-07-06,25.2,16.4,22.2,36.0,2.2,11.7
2017-07-07,19.3,15.9,25.3,32.0,2.2,11.9
2017-07-08,1.3,15.8,24.9,,,6.7
2017-07-09,0.0,16.6,31.5,24.0,1.9,6.7
2017-07-10,0.0,18.5,32.2,26.0,1.9,8.3
2017-07-11,0.0,18.7,33.7,25.0,1.7,8.6
2017-07-12,0.0,20.2,36.8,,2.2,7.5
2017-07-13,0.0,22.7,39.7,26.0,2.2,11.9
2017-07-14,0.0,24.7,39.6,23.0,2.8,11.4
2017-07-15,0.0,23.0,37.5,5.0,1.1,8.9
2017-07-16,0.0,24.0,37.2,13.0,1.1,8.1
2017-07-17,0.0,24.0,35.1,26.0,1.7,9.2
2017-07-18,0.0,23.9,36.0,26.0,2.5,11.9
2017-07-19,0.0,22.2,32.6,23.0,3.6,12.2
2017-07-20,0.0,22.2,32.6,,0.8,
2017-07-21,0.0,18.8,31.8,23.0,2.2,11.7
2017-07-22,0.0,19.5,33.0,20.0,2.2,8.6
2017-07-23,0.0,20.5,34.2,32.0,2.5,9.2
2017-07-24,0.0,20.9,33.2,4.0,1.9,9.2
2017-07-25,0.0,17.0,31.3,4.0,2.2,11.1
2017-07-26,0.0,17.1,33.3,10.0,0.8,6.7
2017-07-27,0.0,22.4,37.5,24.0,1.9,7.8
2017-07-28,0.0,22.0,37.9,29.0,1.9,9.4
2017-07-29,0.0,22.5,37.7,26.0,2.5,7.8
2017-07-30,0.0,22.6,37.0,26.0,2.5,10.8
2017-07-31,0.0,21.4,34.6,21.0,1.9,11.1
2017-08-01,0.0,20.0,33.0,26.0,1.7,7.8
2017-08-02,0.0,20.0,33.0,,3.1,
2017-08-03,0.0,22.5,36.7,26.0,1.4,7.2
2017-08-04,0.0,23.6,37.5,2.0,1.1,5.3
2017-08-05,0.0,25.1,39.2,26.0,2.2,11.9
2017-08-06,0.0,22.2,36.5,,2.5,9.2
2017-08-07,0.0,22.5,35.6,27.0,3.6,15.8
2017-08-08,0.0,17.7,30.2,29.0,1.9,10.0
2017-08-09,0.0,15.8,29.8,3.0,2.2,16.1
2017-08-10,0.0,12.5,27.0,3.0,2.2,13.6
2017-08-11,0.0,13.4,28.5,5.0,1.1,10.0
2017-08-12,0.0,17.6,32.4,5.0,1.4,8.9
2017-08-13,0.0,20.2,33.5,4.0,1.7,7.5
2017-08-14,0.0,21.3,35.0,13.0,1.7,6.9
2017-08-15,0.0,22.4,34.6,26.0,2.8,9.7
2017-08-16,0.0,20.6,34.6,4.0,1.1,7.5
2017-08-17,0.0,22.5,36.0,3.0,1.4,9.2
2017-08-18,0.0,23.6,36.6,5.0,1.9,8.1
2017-08-19,0.0,21.6,35.3,,1.1,10.6
2017-08-20,0.0,22.0,35.7,4.0,0.8,8.3
2017-08-21,0.0,24.0,36.0,1.0,1.1,7.5
2017-08-22,0.0,24.1,36.6,14.0,1.7,7.2
2017-08-23,0.0,23.7,35.9,26.0,1.9,7.5
2017-08-24,0.0,22.3,35.5,26.0,2.5,10.3
2017-08-25,0.0,20.0,34.4,26.0,1.7,8.6
2017-08-26,0.8,21.1,30.8,10.0,0.8,6.7
2017-08-27,0.3,20.8,28.0,25.0,1.9,11.1
2017-08-28,24.9,16.8,22.4,26.0,1.1,15.3
2017-08-29,0.0,16.2,25.6,11.0,1.1,5.8
2017-08-30,0.0,17.7,26.5,27.0,1.9,6.9
2017-08-31,0.0,18.4,28.0,3.0,1.1,7.5
2017-09-01,0.0,17.0,28.0,4.0,3.1,12.2
2017-09-02,0.0,13.6,26.5,7.0,1.4,9.2
2017-09-03,0.0,17.0,31.2,,1.9,7.2
2017-09-04,0.0,18.3,29.0,32.0,0.8,7.8
2017-09-05,0.0,19.2,31.0,4.0,0.8,4.4
2017-09-06,0.0,21.2,32.5,4.0,1.1,8.6
2017-09-07,0.0,18.5,30.0,5.0,1.7,7.5
2017-09-08,0.0,17.0,30.6,26.0,1.1,8.1
2017-09-09,0.0,16.1,23.5,34.0,3.3,13.1
2017-09-10,0.0,12.0,23.5,3.0,1.4,5.3
2017-09-11,0.0,15.6,31.0,28.0,2.8,10.8
2017-09-12,0.0,16.6,26.5,30.0,1.4,10.0
2017-09-13,0.0,16.7,30.7,20.0,1.1,6.9
2017-09-14,0.0,16.8,30.3,4.0,1.7,9.7
2017-09-15,0.0,14.0,22.8,4.0,3.1,11.9
2017-09-16,0.0,10.7,21.2,28.0,1.7,7.8
2017-09-17,0.0,11.0,24.0,20.0,1.4,7.5
2017-09-18,0.0,13.0,23.0,33.0,2.8,10.3
2017-09-19,0.0,13.0,25.5,5.0,0.6,5.6
2017-09-20,0.0,13.1,27.2,4.0,0.8,6.7
2017-09-21,0.0,15.4,29.0,24.0,0.8,6.1
2017-09-22,0.0,18.0,26.5,10.0,1.9,9.2
2017-09-23,0.0,15.7,26.8,23.0,1.1,6.7
2017-09-24,0.0,16.6,29.0,23.0,1.4,8.3
2017-09-25,0.0,15.5,27.8,,1.7,11.1
2017-09-26,0.0,14.5,25.1,4.0,1.7,8.1
2017-09-27,0.0,15.0,25.0,5.0,1.7,6.1
2017-09-28,0.0,15.0,27.5,5.0,0.6,4.2
2017-09-29,0.0,17.0,27.6,22.0,1.1,5.6
2017-09-30,0.0,17.0,27.4,4.0,1.1,8.9
2017-10-01,0.0,17.4,26.0,5.0,0.8,6.7
2017-10-02,0.0,16.2,27.5,9.0,1.1,5.0
2017-10-03,0.0,17.5,29.4,5.0,0.8,8.3
2017-10-04,0.0,17.8,28.2,4.0,1.1,6.9
2017-10-05,0.0,17.4,29.0,2.0,0.8,6.9
2017-10-06,0.0,17.0,29.0,4.0,1.9,11.7
2017-10-07,0.0,13.3,25.5,4.0,1.4,8.1
2017-10-08,0.0,13.9,25.5,4.0,0.6,5.0
2017-10-09,0.0,13.6,26.8,,1.4,5.8
2017-10-10,0.0,13.4,26.6,5.0,1.1,7.5
2017-10-11,0.0,12.9,26.6,22.0,1.1,5.8
2017-10-12,0.0,13.6,27.0,4.0,0.6,5.3
2017-10-13,0.0,15.7,28.0,26.0,1.1,6.7
2017-10-14,0.0,14.5,26.5,20.0,1.1,4.7
2017-10-15,0.0,16.8,27.1,10.0,1.1,7.2
2017-10-16,0.0,15.7,24.5,9.0,0.8,5.3
2017-10-17,20.1,14.3,20.3,24.0,1.4,7.8
2017-10-18,4.6,9.6,14.9,28.0,1.1,10.6
2017-10-19,0.0,8.6,16.9,23.0,1.4,6.4
2017-10-20,0.0,10.4,19.8,18.0,0.8,6.1
2017-10-21,0.0,12.3,21.8,32.0,1.1,6.7
2017-10-22,0.0,10.8,17.9,4.0,0.8,6.4
2017-10-23,0.0,9.0,20.5,3.0,0.6,6.1
2017-10-24,0.0,11.8,23.3,3.0,0.6,5.8
2017-10-25,0.0,11.5,23.4,3.0,0.3,4.7
2017-10-26,0.0,13.1,24.5,,0.8,4.7
2017-10-27,0.0,14.5,26.9,4.0,3.3,11.1
2017-10-28,0.0,12.0,22.0,4.0,1.4,6.7
2017-10-29,0.0,10.0,21.5,,0.8,8.3
2017-10-30,0.0,9.7,19.2,4.0,1.4,8.3
2017-10-31,0.0,9.9,18.3,2.0,1.1,8.3
2017-11-01,0.0,10.7,18.0,4.0,1.1,4.4
2017-11-02,0.6,12.5,19.2,20.0,0.8,5.0
2017-11-03,3.7,11.8,18.6,17.0,0.8,6.1
2017-11-04,0.2,11.0,14.6,20.0,0.8,6.1
2017-11-05,0.0,9.0,14.9,6.0,1.7,7.5
2017-11-06,0.0,5.8,14.0,3.0,1.4,8.6
2017-11-07,0.0,4.0,14.8,3.0,0.6,5.6
2017-11-08,0.0,6.2,14.3,3.0,0.8,11.4
2017-11-09,0.0,3.3,11.4,1.0,1.9,11.7
2017-11-10,0.0,3.6,16.0,1.0,2.5,11.1
2017-11-11,0.0,5.7,16.7,4.0,0.3,4.2
2017-11-12,0.0,5.2,16.3,34.0,0.6,4.7
2017-11-13,0.0,5.8,13.3,1.0,2.8,11.7
2017-11-14,0.0,2.6,13.5,4.0,0.6,6.9
2017-11-15,0.0,4.6,13.6,4.0,0.6,3.6
2017-11-16,0.0,3.4,17.0,,0.6,2.5
2017-11-17,0.0,5.5,16.5,4.0,0.6,3.1
2017-11-18,0.0,7.2,17.5,9.0,0.8,5.8
2017-11-19,0.0,5.0,15.6,5.0,0.3,5.0
2017-11-20,0.0,4.5,15.6,3.0,0.3,4.2
2017-11-21,0.0,4.2,15.0,9.0,0.3,2.8
2017-11-22,0.0,5.0,14.5,5.0,0.3,3.9
2017-11-23,0.1,7.0,15.7,22.0,0.6,4.4
2017-11-24,0.0,10.0,16.1,24.0,0.8,6.4
2017-11-25,0.0,7.8,16.5,4.0,1.7,9.4
2017-11-26,0.0,3.8,11.4,3.0,1.1,8.1
2017-11-27,0.0,1.4,9.9,3.0,0.3,4.2
2017-11-28,4.4,3.0,8.4,14.0,0.0,2.8
2017-11-29,0.0,4.2,11.4,1.0,2.2,12.2
2017-11-30,0.0,1.5,8.6,2.0,1.9,8.6
2017-12-01,0.0,1.4,9.1,34.0,2.8,13.6
2017-12-02,0.0,-0.5,6.5,2.0,1.1,11.4
2017-12-03,0.0,0.0,8.5,2.0,0.6,7.5
2017-12-04,0.0,0.0,9.8,,0.3,5.0
2017-12-05,0.0,0.5,10.2,4.0,0.0,4.7
2017-12-06,0.0,-0.8,9.0,9.0,0.3,2.8
2017-12-07,0.0,0.6,9.5,16.0,0.3,2.8
2017-12-08,0.0,2.5,11.2,18.0,0.0,1.9
2017-12-09,0.0,4.7,13.2,26.0,0.3,6.4
2017-12-10,11.9,8.7,11.5,23.0,4.2,14.4
2017-12-11,0.0,4.3,10.2,24.0,3.1,15.3
2017-12-12,0.0,0.5,8.7,7.0,0.6,7.8
2017-12-13,0.0,-0.3,8.6,24.0,0.6,6.7
2017-12-14,0.0,3.8,10.6,,1.4,10.0
2017-12-15,0.0,4.2,12.5,32.0,1.9,12.8
2017-12-16,0.0,2.0,9.7,4.0,2.2,10.3
2017-12-17,0.0,1.5,9.7,4.0,1.7,8.3
2017-12-18,0.0,0.4,10.4,,0.0,3.6
2017-12-19,0.0,4.3,11.6,2.0,0.8,8.6
2017-12-20,0.0,1.8,11.7,36.0,1.1,5.8
2017-12-21,0.0,3.0,11.5,36.0,1.1,6.1
2017-12-22,0.0,2.3,12.7,36.0,1.1,5.6
2017-12-23,0.0,2.5,12.7,36.0,2.8,8.3
2017-12-24,0.0,4.5,10.5,36.0,1.7,4.4
2017-12-25,1.9,2.4,5.6,36.0,1.1,3.9
2017-12-26,2.8,3.4,7.2,,2.8,12.8
2017-12-27,0.0,5.6,10.6,,5.0,12.8
2017-12-28,0.0,6.0,14.5,,2.5,11.1
2017-12-29,0.0,7.5,16.0,28.0,3.1,10.8
2017-12-30,0.0,6.8,15.5,26.0,1.9,6.9
2017-12-31,0.8,6.7,11.6,24.0,2.8,13.9
2018-01-01,0.0,3.6,11.6,27.0,3.1,10.0
2018-01-02,0.0,7.5,13.4,29.0,2.5,11.4
2018-01-03,0.0,7.6,13.5,22.0,1.7,8.6
2018-01-04,0.0,7.8,13.7,,2.2,7.8
2018-01-05,14.1,5.8,11.5,22.0,3.1,11.7
2018-01-06,20.6,2.0,6.1,3.0,2.5,10.8
2018-01-07,3.1,1.6,5.0,12.0,2.8,7.5
2018-01-08,0.0,0.7,7.0,4.0,1.4,7.2
2018-01-09,2.3,-1.4,4.7,19.0,1.4,4.7
2018-01-10,0.8,3.2,7.0,23.0,2.2,9.4
2018-01-11,0.0,2.9,8.8,30.0,3.3,12.8
2018-01-12,0.0,-0.3,7.9,28.0,1.7,6.4
2018-01-13,6.0,2.4,5.6,26.0,1.1,7.2
2018-01-14,0.0,2.5,6.7,3.0,1.7,6.1
2018-01-15,0.0,0.0,8.5,22.0,1.1,6.4
2018-01-16,0.0,2.0,12.5,26.0,1.1,6.4
2018-01-17,0.0,4.8,13.2,30.0,2.2,8.6
2018-01-18,0.0,2.7,12.8,3.0,1.4,5.3
2018-01-19,0.0,3.0,14.8,4.0,1.4,5.3
2018-01-20,0.0,3.8,12.0,28.0,1.9,7.8
2018-01-21,0.0,5.8,16.2,33.0,1.1,8.3
2018-01-22,0.0,5.3,14.1,,0.6,5.8
2018-01-23,0.0,4.2,15.7,3.0,0.8,6.1
2018-01-24,0.0,4.7,13.5,4.0,1.4,5.0
2018-01-25,3.5,4.6,8.9,36.0,1.9,12.8
2018-01-26,0.0,2.6,9.2,19.0,3.9,13.9
2018-01-27,0.0,3.8,10.0,4.0,3.3,12.5
2018-01-28,0.0,3.5,13.4,4.0,4.7,15.0
2018-01-29,0.0,5.2,13.1,2.0,1.9,6.7
2018-01-30,0.0,4.0,12.5,3.0,1.4,5.6
2018-01-31,0.0,2.5,12.6,3.0,1.1,4.2
2018-02-01,0.1,2.3,10.8,34.0,2.8,13.3
2018-02-02,0.0,1.2,7.7,,3.6,13.3
2018-02-03,2.3,0.2,10.3,28.0,3.1,11.1
2018-02-04,17.3,1.5,5.8,4.0,3.6,10.8
2018-02-05,14.1,0.8,2.8,6.0,3.9,9.4
2018-02-06,0.0,1.2,7.0,1.0,3.1,12.5
2018-02-07,0.0,-1.6,7.5,3.0,2.8,9.2
2018-02-08,0.0,-1.0,7.0,5.0,2.8,8.3
2018-02-09,0.0,-1.9,8.5,1.0,1.1,10.0
2018-02-10,0.0,2.3,9.1,2.0,2.2,10.8
2018-02-11,0.1,0.7,14.3,28.0,3.1,11.7
2018-02-12,0.0,2.5,11.1,34.0,1.7,9.7
2018-02-13,0.0,-0.8,10.2,26.0,3.6,13.6
2018-02-14,0.0,5.8,10.5,27.0,3.1,11.4
2018-02-15,0.0,6.0,10.9,25.0,1.4,7.2
2018-02-16,0.0,6.8,14.6,24.0,1.7,5.0
2018-02-17,0.0,6.7,14.7,5.0,1.4,10.6
2018-02-18,0.0,2.6,13.4,,2.8,8.3
2018-02-19,0.0,6.5,15.0,3.0,2.2,10.0
2018-02-20,0.0,7.3,14.5,3.0,3.6,12.8
2018-02-21,0.0,3.2,12.0,2.0,4.2,13.9
2018-02-22,0.0,-0.5,11.3,5.0,2.8,10.3
2018-02-23,0.0,-1.3,9.9,10.0,1.4,11.1
2018-02-24,0.0,-0.3,11.0,17.0,1.4,5.8
2018-02-25,0.0,0.0,13.5,23.0,1.4,5.6
2018-02-26,0.0,1.7,16.0,8.0,1.1,10.3
2018-02-27,19.9,1.5,5.6,4.0,1.7,11.1
2018-02-28,19.2,3.6,12.0,21.0,1.9,14.2
2018-03-01,17.3,5.4,11.5,25.0,4.2,23.3
2018-03-02,15.3,4.2,8.5,22.0,1.9,13.1
2018-03-03,13.8,5.3,13.4,26.0,3.6,13.6
2018-03-04,4.9,5.4,13.0,17.0,2.5,10.6
2018-03-05,2.1,5.8,8.9,30.0,3.6,10.6
2018-03-06,1.0,4.2,10.7,28.0,3.1,11.9
2018-03-07,2.6,2.5,11.0,23.0,2.2,8.3
2018-03-08,1.0,4.5,10.9,17.0,1.7,5.8
2018-03-09,11.9,9.4,11.6,16.0,3.1,11.1
2018-03-10,23.7,7.5,11.9,23.0,2.8,11.9
2018-03-11,1.1,6.0,10.5,28.0,5.0,17.5
2018-03-12,1.5,6.5,13.2,23.0,3.9,13.3
2018-03-13,0.3,6.6,14.0,23.0,2.2,9.2
2018-03-14,22.9,6.6,13.1,20.0,3.1,13.1
2018-03-15,0.1,6.2,11.6,,5.0,13.6
2018-03-16,3.2,4.6,11.7,36.0,3.3,10.8
2018-03-17,7.3,3.0,9.5,36.0,2.8,11.1
2018-03-18,0.0,4.0,12.8,,3.3,10.3
2018-03-19,4.2,3.8,9.6,36.0,3.3,15.6
2018-03-20,0.0,2.6,10.0,,5.3,15.8
2018-03-21,0.0,2.4,12.2,36.0,4.2,13.6
2018-03-22,0.0,-0.3,13.5,36.0,2.2,6.4
2018-03-23,3.5,4.5,14.2,27.0,3.1,15.6
2018-03-24,0.0,4.0,11.3,31.0,6.1,20.3
2018-03-25,0.0,5.2,13.9,29.0,2.5,8.9
2018-03-26,0.0,3.6,15.5,33.0,1.9,6.1
2018-03-27,0.0,8.5,20.6,27.0,1.9,9.7
2018-03-28,0.0,9.2,20.8,26.0,3.3,12.2
2018-03-29,0.8,8.5,15.8,26.0,4.2,14.7
2018-03-30,2.2,4.0,11.7,25.0,4.2,17.5
2018-03-31,0.0,3.2,14.5,26.0,2.8,12.2
2018-04-01,0.0,5.4,17.5,12.0,1.4,7.5
2018-04-02,5.3,9.4,19.4,24.0,3.3,11.7
2018-04-03,0.0,8.4,16.2,22.0,4.4,15.3
2018-04-04,0.0,7.4,16.0,25.0,4.7,15.3
2018-04-05,0.0,6.0,18.6,5.0,1.1,5.8
2018-04-06,7.4,9.8,17.5,6.0,0.8,10.0
2018-04-07,4.1,7.4,11.4,,,
2018-04-08,2.5,5.2,15.5,,,
2018-04-09,2.7,4.7,9.0,,,
2018-04-10,17.6,3.1,7.6,,,
2018-04-11,0.0,3.1,11.0,,,
2018-04-12,7.4,5.3,11.4,,,
2018-04-13,4.8,5.2,14.3,,,
2018-04-14,0.2,5.2,16.5,,,
2018-04-15,14.3,8.6,18.0,,,
2018-04-16,0.0,7.0,17.6,,,
2018-04-17,0.0,7.6,21.6,,,
2018-04-18,0.0,12.2,24.7,,1.9,
2018-04-19,0.0,12.2,24.0,15.0,2.8,9.2
2018-04-20,0.0,12.3,22.5,16.0,3.3,12.2
2018-04-21,0.0,11.6,19.8,3.0,2.5,9.2
2018-04-22,0.0,13.0,22.9,10.0,1.9,7.8
2018-04-23,0.0,14.4,24.3,8.0,2.5,9.2
2018-04-24,0.0,14.6,26.4,10.0,1.4,7.8
2018-04-25,0.0,13.1,28.5,4.0,2.2,10.8
2018-04-26,0.0,14.0,26.5,22.0,2.5,8.3
2018-04-27,0.0,14.3,24.4,26.0,2.5,10.3
2018-04-28,6.2,10.2,18.7,22.0,3.6,11.9
2018-04-29,3.8,4.0,12.6,24.0,4.4,14.4
2018-04-30,2.5,4.0,12.5,31.0,0.8,7.8
2018-05-01,0.0,5.5,15.9,8.0,0.8,6.7
2018-05-02,0.0,6.4,17.8,26.0,1.4,8.3
2018-05-03,0.0,9.3,19.4,2.0,1.9,11.4
2018-05-04,0.0,7.5,20.5,4.0,2.2,11.1
2018-05-05,0.0,9.9,24.3,12.0,1.7,13.3
2018-05-06,1.5,12.8,24.0,8.0,1.7,12.8
2018-05-07,13.5,12.4,22.7,9.0,1.4,16.7
2018-05-08,0.2,12.5,25.2,8.0,1.1,7.8
2018-05-09,0.0,13.2,25.0,31.0,1.9,7.8
2018-05-10,0.0,13.5,23.9,3.0,2.5,10.3
2018-05-11,0.0,13.3,25.1,26.0,2.2,8.6
2018-05-12,0.0,10.5,20.2,31.0,3.1,11.1
2018-05-13,0.0,6.0,17.5,26.0,2.5,10.3
2018-05-14,0.0,10.4,19.4,7.0,1.7,10.0
2018-05-15,0.0,8.0,23.5,4.0,1.9,12.2
2018-05-16,0.0,11.8,25.0,4.0,2.2,11.4
2018-05-17,0.0,14.8,25.3,1.0,1.1,9.4
2018-05-18,0.7,14.2,23.2,19.0,0.8,9.7
2018-05-19,0.1,13.6,25.4,4.0,0.6,11.1
2018-05-20,0.0,13.3,22.5,3.0,1.1,12.8
2018-05-21,5.6,13.6,24.3,3.0,0.8,9.4
2018-05-22,0.1,12.6,24.6,33.0,0.0,6.1
2018-05-23,0.3,15.3,26.3,23.0,1.4,15.3
2018-05-24,28.9,15.7,27.7,,,
2018-05-25,8.9,12.0,19.5,,,
2018-05-26,0.0,11.8,22.0,,,
2018-05-27,3.6,13.1,25.5,,,
2018-05-28,13.8,13.2,17.8,,,
2018-05-29,1.0,12.6,19.9,,,
2018-05-30,0.2,11.0,18.6,,,
2018-05-31,0.0,12.5,23.1,,,
2018-06-01,2.3,13.6,23.8,,,
2018-06-02,3.9,12.8,23.5,24.0,1.9,11.7
2018-06-03,0.0,11.7,23.8,26.0,2.2,10.8
2018-06-04,0.0,12.4,20.0,22.0,3.1,10.0
2018-06-05,2.4,12.0,19.8,28.0,1.7,8.3
2018-06-06,3.5,10.5,19.6,32.0,1.7,8.6
2018-06-07,2.8,12.0,23.4,26.0,2.5,8.9
2018-06-08,2.8,12.2,18.6,23.0,2.2,8.9
2018-06-09,0.5,11.7,20.7,26.0,1.9,10.0
2018-06-10,0.0,11.2,19.4,23.0,1.9,8.6
2018-06-11,0.0,12.5,21.0,26.0,2.5,8.3
2018-06-12,0.0,13.0,24.3,3.0,1.9,8.1
2018-06-13,0.0,13.7,25.5,,2.5,8.9
2018-06-14,0.0,12.7,27.0,35.0,1.7,8.3
2018-06-15,0.0,15.3,30.7,10.0,1.4,9.4
2018-06-16,0.0,18.0,31.1,5.0,1.9,8.9
2018-06-17,0.0,17.9,32.3,3.0,3.1,10.0
2018-06-18,0.0,17.6,32.1,6.0,2.5,10.3
2018-06-19,0.0,17.3,32.5,5.0,1.7,10.3
2018-06-20,0.0,20.2,33.0,13.0,1.7,8.9
2018-06-21,0.0,20.5,33.3,10.0,1.7,6.9
2018-06-22,0.0,21.6,33.8,6.0,1.7,8.3
2018-06-23,0.0,21.5,35.5,6.0,1.1,8.6
2018-06-24,0.0,22.0,36.6,4.0,1.1,7.8
2018-06-25,0.0,22.9,36.2,6.0,1.7,8.3
2018-06-26,0.0,23.0,35.0,25.0,1.9,8.1
2018-06-27,0.0,21.9,31.9,29.0,2.2,9.7
2018-06-28,0.1,20.9,31.0,23.0,2.2,7.8
2018-06-29,0.0,20.5,31.6,5.0,1.7,9.7
2018-06-30,0.7,20.2,28.7,16.0,2.8,9.7
2018-07-01,0.0,18.6,28.0,24.0,2.8,10.3
2018-07-02,0.0,16.5,27.5,25.0,2.5,8.9
2018-07-03,0.0,16.2,30.7,,1.1,7.5
2018-07-04,0.0,18.5,27.5,23.0,2.5,12.5
2018-07-05,0.0,17.0,28.0,30.0,0.8,6.9
2018-07-06,0.0,18.5,31.7,4.0,1.9,10.3
2018-07-07,0.0,21.4,33.6,10.0,1.9,9.7
2018-07-08,0.0,21.7,34.6,5.0,1.9,11.7
2018-07-09,0.0,21.8,34.5,6.0,1.7,10.8
2018-07-10,0.0,21.5,35.2,6.0,2.2,11.1
2018-07-11,0.0,21.4,33.2,23.0,2.8,10.8
2018-07-12,0.0,21.0,32.7,4.0,1.4,9.7
2018-07-13,0.0,21.7,33.5,4.0,2.5,8.9
2018-07-14,0.0,20.3,33.2,23.0,1.7,9.4
2018-07-15,0.0,19.0,29.6,24.0,2.2,11.9
2018-07-16,0.0,17.2,30.2,29.0,1.4,8.6
2018-07-17,0.0,19.2,33.5,7.0,1.7,8.6
2018-07-18,0.0,21.3,32.9,25.0,1.9,11.1
2018-07-19,0.0,19.4,32.9,25.0,1.9,10.3
2018-07-20,0.0,18.7,32.0,4.0,1.1,9.7
2018-07-21,0.0,17.4,30.5,3.0,2.2,10.3
2018-07-22,0.0,18.1,31.7,8.0,0.8,8.1
2018-07-23,0.0,20.5,34.7,23.0,1.9,8.3
2018-07-24,0.0,19.8,33.0,26.0,1.9,8.6
2018-07-25,0.0,19.9,34.6,26.0,1.1,7.8
2018-07-26,0.0,19.8,34.5,26.0,1.7,8.9
2018-07-27,0.0,19.0,34.5,25.0,2.2,10.8
2018-07-28,0.0,18.6,33.2,27.0,2.2,10.8
2018-07-29,0.0,19.8,32.6,22.0,1.7,7.5
2018-07-30,0.0,19.4,34.1,28.0,1.4,6.9
2018-07-31,0.0,21.1,35.3,16.0,1.1,6.4
2018-08-01,0.0,23.3,37.0,4.0,0.6,6.4
2018-08-02,0.0,24.6,38.5,7.0,1.1,7.5
2018-08-03,0.0,25.9,39.9,4.0,1.7,10.8
2018-08-04,0.0,23.4,38.6,,,
2018-08-05,0.0,24.4,37.6,6.0,0.8,9.7
2018-08-06,0.0,24.4,36.9,17.0,1.7,11.9
2018-08-07,0.0,24.7,36.7,25.0,2.8,11.7
2018-08-08,0.0,21.2,34.6,24.0,2.8,13.1
2018-08-09,0.0,19.5,31.3,6.0,2.2,13.6
2018-08-10,0.0,17.5,31.3,4.0,2.2,13.3
2018-08-11,0.0,22.1,33.7,16.0,1.4,6.7
2018-08-12,0.0,23.3,35.0,26.0,2.2,11.1
2018-08-13,0.0,21.5,33.5,32.0,2.2,7.8
2018-08-14,0.0,19.6,33.0,4.0,1.1,9.7
2018-08-15,0.0,19.6,33.8,6.0,2.2,8.9
2018-08-16,0.0,23.0,32.0,24.0,1.9,7.2
2018-08-17,0.0,20.0,32.2,6.0,1.9,11.9
2018-08-18,0.0,16.8,30.4,5.0,1.7,12.8
2018-08-19,0.0,20.0,31.6,5.0,1.7,7.2
2018-08-20,0.0,20.7,32.5,11.0,1.4,5.3
2018-08-21,0.0,21.0,34.4,3.0,1.1,8.3
2018-08-22,0.0,21.9,32.8,14.0,1.1,10.0
2018-08-23,0.0,20.2,33.8,27.0,1.1,9.4
2018-08-24,0.0,20.6,33.0,33.0,1.4,10.0
2018-08-25,0.0,18.8,32.8,4.0,2.2,9.4
2018-08-26,0.0,17.4,31.5,3.0,1.4,7.8
2018-08-27,0.0,20.5,35.0,21.0,1.4,8.1
2018-08-28,0.0,22.3,33.8,24.0,2.5,10.8
2018-08-29,0.0,20.0,31.5,5.0,0.8,12.5
2018-08-30,0.0,20.5,32.2,4.0,1.4,8.6
2018-08-31,0.0,21.2,33.4,5.0,1.9,8.9
2018-09-01,0.0,21.0,33.6,4.0,1.1,7.5
2018-09-02,1.2,20.2,34.8,34.0,1.7,9.2
2018-09-03,0.0,22.3,31.3,11.0,1.7,7.8
2018-09-04,0.0,19.4,29.5,18.0,1.4,6.9
2018-09-05,0.0,18.3,27.8,25.0,2.8,10.0
2018-09-06,0.0,17.8,27.4,4.0,0.6,8.9
2018-09-07,5.1,16.0,28.5,4.0,2.2,10.0
2018-09-08,1.8,16.9,23.6,5.0,1.7,7.8
2018-09-09,0.0,15.8,26.3,,0.8,6.1
2018-09-10,0.0,17.3,28.3,12.0,1.9,10.0
2018-09-11,0.0,17.6,28.5,3.0,1.9,6.7
2018-09-12,0.0,17.3,29.0,4.0,0.6,6.4
2018-09-13,0.0,18.6,32.2,22.0,0.8,6.1
2018-09-14,0.0,19.4,31.6,5.0,1.4,5.8
2018-09-15,0.0,20.2,30.0,11.0,0.8,11.9
2018-09-16,0.0,18.0,30.2,13.0,0.6,5.6
2018-09-17,1.2,18.6,30.8,17.0,1.9,9.2
2018-09-18,0.0,18.2,28.5,5.0,1.4,6.7
2018-09-19,0.0,18.0,30.4,20.0,0.8,4.4
2018-09-20,0.0,19.9,31.5,15.0,1.1,6.1
2018-09-21,0.0,18.9,31.3,5.0,1.4,7.2
2018-09-22,0.0,20.0,32.5,6.0,1.7,7.2
2018-09-23,0.0,20.8,33.5,5.0,1.4,8.6
2018-09-24,0.0,20.0,32.0,4.0,1.9,10.0
2018-09-25,0.0,17.2,29.3,4.0,2.2,10.0
2018-09-26,0.5,19.0,26.0,16.0,2.2,7.5
2018-09-27,0.0,15.7,26.4,17.0,0.3,5.0
2018-09-28,0.0,16.0,27.8,9.0,1.4,6.7
2018-09-29,0.0,16.8,27.9,6.0,0.8,6.1
2018-09-30,0.0,16.9,29.0,4.0,1.7,8.6
2018-10-01,0.0,14.6,25.0,5.0,3.1,10.6
2018-10-02,0.0,10.0,24.6,8.0,1.1,8.3
2018-10-03,0.0,15.0,26.0,6.0,1.9,7.8
2018-10-04,0.0,14.0,26.3,6.0,1.1,5.3
2018-10-05,0.0,14.8,25.9,23.0,1.1,5.6
2018-10-06,0.0,13.6,27.1,26.0,2.5,11.4
2018-10-07,0.0,11.2,19.5,3.0,3.9,11.4
2018-10-08,0.0,9.0,18.7,12.0,1.1,7.2
2018-10-09,8.9,10.7,19.5,17.0,1.7,11.4
2018-10-10,2.7,11.0,18.1,4.0,0.8,5.3
2018-10-11,2.9,13.8,20.5,24.0,2.8,8.9
2018-10-12,0.3,15.8,20.8,19.0,0.8,5.8
2018-10-13,2.6,15.0,24.2,,0.6,5.3
2018-10-14,0.0,11.2,18.5,28.0,3.1,12.2
2018-10-15,0.1,9.2,15.4,,1.4,6.7
2018-10-16,0.0,10.6,20.1,5.0,1.1,5.8
2018-10-17,0.0,11.5,21.5,25.0,1.4,6.4
2018-10-18,8.8,14.0,20.4,4.0,3.1,11.4
2018-10-19,5.9,12.7,17.0,4.0,3.6,11.4
2018-10-20,3.3,13.5,21.0,8.0,2.5,9.7
2018-10-21,0.2,14.4,21.2,4.0,2.5,6.7
2018-10-22,0.0,11.7,22.3,4.0,0.8,9.2
2018-10-23,0.0,13.0,20.5,4.0,1.4,7.5
2018-10-24,0.0,10.5,22.0,5.0,0.3,5.0
2018-10-25,0.0,10.5,22.6,23.0,0.8,6.1
2018-10-26,1.5,11.8,16.5,23.0,0.8,4.7
2018-10-27,4.2,5.1,12.4,4.0,1.9,11.1
2018-10-28,0.0,4.1,10.0,35.0,3.1,11.1
2018-10-29,0.7,3.7,10.4,,3.3,11.4
2018-10-30,15.1,6.0,9.0,15.0,3.1,9.2
2018-10-31,0.1,5.8,12.0,25.0,2.5,10.3
2018-11-01,0.0,4.5,13.8,23.0,0.8,5.3
2018-11-02,0.0,9.3,18.0,31.0,2.2,9.7
2018-11-03,0.0,6.1,15.0,13.0,0.6,4.7
2018-11-04,17.0,4.5,15.4,24.0,0.8,9.7
2018-11-05,2.7,6.3,10.0,,3.1,10.8
2018-11-06,0.7,6.0,11.8,26.0,3.1,11.7
2018-11-07,4.5,7.5,13.8,21.0,1.9,7.8
2018-11-08,7.6,7.0,12.6,18.0,1.1,12.2
2018-11-09,0.0,5.4,12.6,31.0,3.6,11.4
2018-11-10,1.1,9.6,13.5,23.0,3.6,12.2
2018-11-11,0.0,11.6,16.7,24.0,2.8,8.1
2018-11-12,1.6,10.3,14.0,21.0,0.8,7.5
2018-11-13,0.0,10.0,16.0,5.0,1.4,5.8
2018-11-14,0.0,10.0,16.0,4.0,1.9,7.2
2018-11-15,0.9,11.8,16.5,12.0,1.1,8.3
2018-11-16,1.7,12.1,15.8,13.0,1.1,6.9
2018-11-17,0.0,11.0,16.5,,1.4,5.3
2018-11-18,11.8,9.3,13.7,12.0,1.9,9.2
2018-11-19,2.5,8.7,13.6,4.0,2.2,8.9
2018-11-20,2.9,8.0,12.0,27.0,2.8,13.9
2018-11-21,1.5,6.7,11.8,22.0,1.7,10.8
2018-11-22,3.7,5.8,12.0,20.0,1.1,5.0
2018-11-23,0.0,5.0,11.1,26.0,1.7,8.1
2018-11-24,2.0,3.0,9.2,24.0,0.0,3.3
2018-11-25,4.9,6.6,14.0,26.0,3.3,11.1
2018-11-26,0.0,7.0,12.0,30.0,3.1,17.2
2018-11-27,0.0,4.2,12.0,25.0,0.8,6.1
2018-11-28,0.0,3.4,11.1,20.0,0.8,3.1
2018-11-29,3.3,3.4,11.4,27.0,0.6,5.8
2018-11-30,0.0,4.7,11.0,6.0,0.6,4.2
2018-12-01,0.0,3.0,11.0,24.0,0.6,4.4
2018-12-02,0.0,4.5,8.8,23.0,0.3,3.3
2018-12-03,0.0,5.4,9.0,,0.8,2.8
2018-12-04,0.0,4.2,15.2,,0.6,3.3
2018-12-05,0.0,6.9,16.0,6.0,0.6,4.2
2018-12-06,0.0,5.5,15.5,4.0,0.6,4.2
2018-12-07,0.0,4.2,10.5,28.0,1.1,7.5
2018-12-08,0.0,5.4,13.0,31.0,0.8,7.8
2018-12-09,0.0,4.4,14.6,22.0,0.3,3.1
2018-12-10,0.0,3.9,14.2,6.0,0.8,3.6
2018-12-11,0.0,3.8,12.6,9.0,0.6,4.2
2018-12-12,3.8,4.5,8.6,23.0,0.8,6.1
2018-12-13,6.2,4.0,8.5,31.0,2.8,14.7
2018-12-14,0.0,3.0,10.5,30.0,2.2,9.7
2018-12-15,0.2,2.7,9.0,26.0,1.4,7.2
2018-12-16,0.3,5.6,12.5,28.0,3.3,12.5
2018-12-17,0.0,3.4,9.2,31.0,1.1,7.2
2018-12-18,0.9,2.5,8.0,5.0,0.6,7.8
2018-12-19,0.0,4.9,9.4,24.0,1.9,6.4
2018-12-20,0.0,5.4,10.8,23.0,1.4,4.7
2018-12-21,0.0,5.3,8.7,29.0,0.3,4.2
2018-12-22,0.0,6.2,9.0,6.0,0.8,4.2
2018-12-23,0.0,4.6,9.5,6.0,0.6,4.7
2018-12-24,0.0,3.2,13.2,6.0,0.3,4.2
2018-12-25,0.0,4.8,13.8,6.0,1.1,4.4
2018-12-26,0.0,4.3,12.4,8.0,0.8,3.1
2018-12-27,0.0,2.0,10.5,25.0,0.6,3.3
2018-12-28,0.0,1.5,12.7,10.0,1.4,5.8
2018-12-29,0.0,4.0,11.9,4.0,1.7,7.8
2018-12-30,0.0,3.2,14.2,5.0,1.1,7.5
2018-12-31,0.0,0.7,13.4,6.0,0.6,5.3
2019-01-01,0.0,1.4,11.7,6.0,0.3,5.3
2019-01-02,0.0,0.4,11.7,6.0,0.6,7.8
2019-01-03,0.0,2.8,11.8,5.0,0.6,7.8
2019-01-04,0.0,0.4,11.4,6.0,0.3,3.6
2019-01-05,0.0,-0.1,10.8,9.0,0.6,3.1
2019-01-06,0.0,-0.5,13.8,2.0,1.1,3.3
2019-01-07,0.0,0.5,13.7,8.0,0.6,5.0
2019-01-08,0.0,1.2,13.0,34.0,0.8,3.6
2019-01-09,0.0,2.0,13.2,3.0,1.4,9.7
2019-01-10,0.0,0.6,8.8,3.0,2.8,10.0
2019-01-11,0.0,-1.8,7.4,4.0,0.6,6.1
2019-01-12,0.0,-0.8,9.5,11.0,0.8,4.2
2019-01-13,0.0,-0.7,10.8,,0.8,3.6
2019-01-14,0.0,1.0,12.6,5.0,0.6,3.9
2019-01-15,0.0,3.1,12.2,,1.4,
2019-01-16,0.0,1.4,10.0,25.0,1.1,6.4
2019-01-17,0.0,2.7,8.5,4.0,0.3,4.7
2019-01-18,0.0,-0.3,7.6,24.0,1.1,6.1
2019-01-19,5.9,-0.5,4.4,24.0,0.6,5.3
2019-01-20,0.0,3.3,9.5,36.0,2.2,11.7
2019-01-21,0.0,1.4,9.4,35.0,3.6,10.6
2019-01-22,0.4,0.7,8.0,29.0,1.9,11.1
2019-01-23,0.0,5.2,13.1,30.0,4.4,17.5
2019-01-24,0.0,8.7,14.6,31.0,2.2,12.2
2019-01-25,0.0,5.2,15.2,4.0,3.3,10.0
2019-01-26,0.0,2.2,12.6,22.0,1.1,5.0
2019-01-27,0.0,2.4,11.4,32.0,2.2,14.7
2019-01-28,0.0,3.7,13.0,26.0,3.9,15.3
2019-01-29,0.0,5.3,10.5,30.0,2.8,14.7
2019-01-30,4.1,4.2,10.1,26.0,3.3,10.8
2019-01-31,8.2,6.4,12.4,25.0,5.3,17.2
2019-02-01,1.0,3.5,9.4,26.0,3.9,16.1
2019-02-02,0.0,1.6,7.5,32.0,3.9,14.2
2019-02-03,0.0,-0.3,8.2,5.0,1.4,12.2
2019-02-04,0.0,-1.4,10.9,23.0,0.8,3.6
2019-02-05,0.0,1.7,14.5,23.0,0.8,5.0
2019-02-06,0.0,4.4,15.0,26.0,1.7,6.1
2019-02-07,0.0,3.0,15.0,23.0,0.8,4.4
2019-02-08,0.0,2.8,14.3,24.0,1.1,7.8
2019-02-09,0.0,2.9,11.8,24.0,1.1,6.1
2019-02-10,0.0,4.1,11.2,24.0,2.5,10.8
2019-02-11,0.0,5.7,13.0,4.0,1.7,8.6
2019-02-12,0.0,3.0,13.0,5.0,0.8,8.3
2019-02-13,0.0,4.4,14.5,12.0,0.8,4.7
2019-02-14,0.0,3.0,13.1,,0.8,5.0
2019-02-15,0.0,3.4,14.6,10.0,0.8,4.4
2019-02-16,0.0,5.9,16.2,12.0,2.8,8.1
2019-02-17,0.0,4.0,15.0,5.0,1.7,6.7
2019-02-18,0.0,4.5,14.3,14.0,1.1,5.0
2019-02-19,0.0,5.4,14.0,8.0,0.8,4.4
2019-02-20,0.0,4.3,14.5,25.0,0.6,5.3
2019-02-21,0.0,5.2,16.2,5.0,0.8,5.0
2019-02-22,0.0,5.0,18.1,6.0,0.8,6.1
2019-02-23,0.0,3.7,18.1,4.0,0.6,5.6
2019-02-24,0.0,8.1,18.7,4.0,0.8,6.1
2019-02-25,0.0,6.4,18.5,4.0,0.8,4.2
2019-02-26,0.0,7.1,19.8,16.0,1.7,6.9
2019-02-27,0.0,7.0,19.8,28.0,1.4,5.3
2019-02-28,0.0,6.2,18.6,6.0,0.8,5.0
2019-03-01,0.0,6.8,19.5,6.0,1.7,7.2
2019-03-02,0.0,8.0,19.7,16.0,1.9,5.8
2019-03-03,0.0,6.1,20.2,24.0,1.9,10.3
2019-03-04,0.0,8.5,15.5,26.0,3.6,11.1
2019-03-05,0.0,8.7,15.2,23.0,3.3,11.7
2019-03-06,8.2,5.7,13.4,23.0,4.2,17.8
2019-03-07,0.0,3.2,12.1,25.0,2.5,9.4
2019-03-08,0.0,5.3,14.9,8.0,0.8,5.3
2019-03-09,0.0,5.0,18.0,13.0,0.6,4.7
2019-03-10,0.0,7.3,22.6,29.0,1.7,7.8
2019-03-11,0.0,10.0,19.3,6.0,2.2,8.6
2019-03-12,0.0,7.1,21.2,24.0,2.8,10.0
2019-03-13,0.0,7.5,14.5,33.0,3.3,11.1
2019-03-14,0.0,4.1,17.1,6.0,1.1,6.7
2019-03-15,0.0,6.0,22.8,24.0,1.1,5.3
2019-03-16,0.0,8.4,23.9,25.0,1.9,7.8
2019-03-17,0.0,7.8,19.7,,2.5,12.5
2019-03-18,0.0,3.8,16.0,5.0,2.5,11.4
2019-03-19,0.0,6.3,16.0,1.0,2.8,10.8
2019-03-20,0.0,5.1,14.7,5.0,2.5,12.2
2019-03-21,0.0,4.8,15.0,5.0,0.6,6.9
2019-03-22,0.0,4.5,18.0,17.0,1.4,7.2
2019-03-23,0.0,7.6,20.6,9.0,2.5,7.8
2019-03-24,0.0,9.0,21.5,14.0,2.2,8.3
2019-03-25,0.0,10.0,22.7,4.0,2.5,13.3
2019-03-26,0.0,6.0,21.0,4.0,4.4,14.7
2019-03-27,0.0,5.5,18.5,4.0,0.6,8.9
2019-03-28,0.0,6.1,18.6,6.0,1.4,5.8
2019-03-29,0.0,6.6,18.2,14.0,2.8,8.9
2019-03-30,0.0,6.5,18.2,14.0,1.4,6.1
2019-03-31,1.6,9.2,12.0,12.0,1.4,5.6
2019-04-01,0.0,8.8,17.2,19.0,1.4,5.3
2019-04-02,2.0,7.4,18.0,26.0,0.8,9.7
2019-04-03,0.0,6.5,15.1,34.0,3.1,11.9
2019-04-04,1.3,2.5,14.0,26.0,1.7,11.1
2019-04-05,2.7,4.5,10.0,27.0,2.2,13.3
2019-04-06,3.5,2.9,12.1,24.0,3.6,14.7
2019-04-07,4.3,3.7,13.8,27.0,2.5,9.2
2019-04-08,0.2,6.9,17.0,26.0,2.8,12.5
2019-04-09,0.8,5.6,13.5,28.0,3.9,13.6
2019-04-10,0.0,6.5,15.7,,2.5,9.2
2019-04-11,0.0,5.2,16.5,,2.8,8.1
2019-04-12,0.0,4.0,19.5,2.0,0.8,6.4
2019-04-13,0.0,6.0,22.0,24.0,0.8,5.8
2019-04-14,0.0,10.0,24.0,22.0,1.4,11.1
2019-04-15,0.0,11.5,24.6,25.0,3.3,13.3
2019-04-16,0.0,7.9,22.0,17.0,0.8,11.1
2019-04-17,21.6,10.1,23.7,16.0,2.5,11.7
2019-04-18,7.7,9.1,13.0,10.0,1.4,7.2
2019-04-19,6.8,9.3,11.6,4.0,1.9,8.3
2019-04-20,0.3,9.4,19.5,4.0,3.9,15.0
2019-04-21,0.0,8.5,13.2,4.0,3.6,13.3
2019-04-22,0.7,8.0,19.0,22.0,1.9,8.3
2019-04-23,2.8,5.7,14.2,18.0,3.6,14.2
2019-04-24,28.5,5.4,11.4,24.0,3.1,14.4
2019-04-25,0.0,6.4,13.7,25.0,5.6,16.7
2019-04-26,0.0,7.2,18.0,24.0,1.9,8.6
2019-04-27,0.0,6.3,21.5,5.0,0.6,7.2
2019-04-28,0.0,11.0,24.0,5.0,1.7,8.3
2019-04-29,0.0,13.0,25.7,,2.5,7.5
2019-04-30,0.0,13.5,26.0,5.0,1.7,8.6
2019-05-01,0.0,13.5,26.0,9.0,1.9,10.8
2019-05-02,0.0,13.0,25.4,14.0,1.1,7.2
2019-05-03,0.0,10.1,21.6,3.0,2.5,12.2
2019-05-04,0.0,7.2,22.3,4.0,1.4,10.8
2019-05-05,0.0,8.7,22.7,10.0,1.9,9.7
2019-05-06,0.0,9.0,25.0,26.0,1.9,9.2
2019-05-07,0.0,12.2,23.4,26.0,3.1,14.2
2019-05-08,0.0,13.1,19.3,23.0,5.3,17.2
2019-05-09,0.0,10.2,23.2,26.0,3.3,13.1
2019-05-10,0.0,14.8,24.7,26.0,2.5,10.0
2019-05-11,0.0,13.2,27.4,6.0,2.2,12.8
2019-05-12,0.0,10.0,26.9,6.0,1.7,11.7
2019-05-13,0.0,13.2,30.2,5.0,1.7,10.6
2019-05-14,0.0,13.6,28.5,12.0,1.4,5.8
2019-05-15,0.0,14.5,33.5,2.0,1.1,8.6
2019-05-16,0.1,11.0,30.0,32.0,2.8,16.7
2019-05-17,0.0,10.1,18.7,27.0,3.3,14.4
2019-05-18,0.0,8.0,18.7,28.0,2.2,9.2
2019-05-19,0.0,10.0,20.5,28.0,1.4,7.2
2019-05-20,0.0,9.7,21.7,6.0,1.9,7.5
2019-05-21,0.0,13.5,25.8,2.0,2.5,8.6
2019-05-22,0.0,13.2,28.2,5.0,1.1,7.8
2019-05-23,0.0,15.0,28.3,25.0,2.5,10.8
2019-05-24,0.0,13.2,25.6,6.0,4.4,13.3
2019-05-25,0.0,12.1,25.3,4.0,3.6,11.4
2019-05-26,0.0,10.8,27.5,5.0,1.7,10.3
2019-05-27,0.0,14.2,29.2,31.0,1.4,11.4
2019-05-28,0.0,13.4,27.0,4.0,2.5,13.3
2019-05-29,0.0,11.0,26.5,4.0,2.2,10.8
2019-05-30,0.0,14.0,30.3,5.0,1.7,8.1
2019-05-31,0.0,17.0,32.0,,1.7,7.2
2019-06-01,0.0,17.2,33.1,16.0,1.7,5.8
2019-06-02,0.0,19.0,34.5,25.0,1.7,7.8
2019-06-03,0.0,20.3,32.8,22.0,3.1,12.5
2019-06-04,0.0,18.9,29.0,26.0,3.9,12.2
2019-06-05,0.0,12.7,22.1,29.0,3.9,13.6
2019-06-06,2.0,11.0,24.0,24.0,3.1,12.8
2019-06-07,0.0,9.0,22.0,25.0,1.9,13.6
2019-06-08,0.0,12.8,29.2,21.0,3.1,10.8
2019-06-09,0.0,14.2,27.7,23.0,2.5,10.6
2019-06-10,0.0,14.7,26.4,28.0,1.9,8.9
2019-06-11,0.0,14.0,21.0,4.0,3.6,11.9
2019-06-12,0.0,10.0,25.4,24.0,1.7,8.1
2019-06-13,0.0,14.4,28.5,25.0,2.5,8.6
2019-06-14,0.0,14.9,25.5,23.0,3.9,12.8
2019-06-15,0.0,12.0,25.7,26.0,1.1,6.1
2019-06-16,0.0,14.5,28.6,6.0,1.1,7.8
2019-06-17,0.0,16.0,32.0,19.0,1.7,8.6
2019-06-18,0.0,19.2,31.3,26.0,3.6,11.9
2019-06-19,0.0,18.0,27.0,21.0,3.1,11.4
2019-06-20,0.0,17.5,28.5,26.0,2.5,9.4
2019-06-21,0.0,17.7,29.6,3.0,1.4,9.7
2019-06-22,0.0,16.8,31.4,5.0,3.1,9.2
2019-06-23,0.0,18.5,33.4,24.0,1.4,8.1
2019-06-24,0.0,21.3,32.0,18.0,2.2,8.9
2019-06-25,0.0,19.3,34.2,14.0,1.9,9.4
2019-06-26,0.0,22.5,35.5,14.0,1.9,11.7
2019-06-27,0.0,22.7,38.5,13.0,4.2,14.4
2019-06-28,0.0,24.0,40.7,16.0,3.6,10.6
2019-06-29,0.0,24.5,40.0,14.0,1.9,7.8
2019-06-30,0.0,25.0,38.5,14.0,1.7,7.8
2019-07-01,0.0,23.8,36.3,6.0,1.9,12.8
2019-07-02,1.6,23.0,35.5,9.0,0.6,10.0
2019-07-03,0.0,22.0,35.2,13.0,2.5,12.8
2019-07-04,0.0,23.1,33.2,15.0,2.5,10.8
2019-07-05,0.0,21.6,33.7,23.0,1.9,9.2
2019-07-06,0.0,19.7,34.9,26.0,2.2,11.4
2019-07-07,0.0,19.5,34.5,22.0,0.8,7.8
2019-07-08,0.0,19.5,30.8,29.0,2.2,13.1
2019-07-09,0.0,17.5,30.1,7.0,1.4,9.7
2019-07-10,0.0,18.2,33.1,5.0,0.8,8.3
2019-07-11,0.0,20.8,37.0,22.0,1.7,6.1
2019-07-12,0.0,24.2,38.8,22.0,1.7,7.5
2019-07-13,0.0,24.1,35.0,27.0,3.3,12.5
2019-07-14,0.0,21.6,33.1,5.0,0.6,7.8
2019-07-15,0.0,20.4,35.6,30.0,2.2,10.0
2019-07-16,0.0,22.0,36.8,22.0,2.2,8.1
2019-07-17,0.0,22.6,34.2,,1.7,6.1
2019-07-18,0.0,21.5,35.7,4.0,0.3,9.7
2019-07-19,0.0,23.1,37.1,5.0,1.9,9.2
2019-07-20,0.0,24.4,37.3,18.0,1.4,8.6
2019-07-21,6.2,23.8,38.0,28.0,1.9,13.3
2019-07-22,0.0,23.7,37.2,16.0,2.8,10.6
2019-07-23,0.8,23.7,38.0,23.0,3.1,14.4
2019-07-24,0.0,22.8,37.5,24.0,1.7,8.1
2019-07-25,0.0,24.4,36.3,25.0,2.8,11.4
2019-07-26,0.0,21.8,32.0,22.0,3.1,10.8
2019-07-27,0.0,19.0,27.0,32.0,2.8,11.9
2019-07-28,0.0,16.2,30.0,2.0,1.7,8.3
2019-07-29,0.0,19.7,33.3,26.0,2.5,11.9
2019-07-30,0.0,17.4,31.5,4.0,0.8,13.3
2019-07-31,0.0,18.4,33.8,4.0,2.2,13.3
2019-08-01,0.0,20.5,34.3,27.0,2.5,10.0
2019-08-02,0.0,22.4,35.6,6.0,1.9,8.3
2019-08-03,0.0,22.2,36.0,25.0,2.2,10.6
2019-08-04,0.0,21.3,36.0,24.0,1.9,8.9
2019-08-05,0.0,21.5,36.3,26.0,1.7,8.9
2019-08-06,0.0,21.1,35.4,23.0,1.7,10.0
2019-08-07,0.0,21.5,26.9,26.0,2.2,8.1
2019-08-08,0.0,19.5,33.5,26.0,2.5,11.4
2019-08-09,0.0,21.8,31.4,23.0,4.7,15.3
2019-08-10,0.0,19.0,31.6,22.0,1.9,10.0
2019-08-11,0.0,20.0,29.6,24.0,2.8,11.4
2019-08-12,0.0,15.5,27.4,5.0,2.2,11.7
2019-08-13,0.0,15.7,29.3,3.0,2.2,11.4
2019-08-14,0.0,18.0,32.7,4.0,1.1,7.5
2019-08-15,0.0,20.5,35.6,5.0,1.7,10.3
2019-08-16,0.0,22.1,36.0,4.0,2.2,9.2
2019-08-17,0.0,22.2,37.2,23.0,2.2,9.7
2019-08-18,0.0,20.6,35.0,24.0,2.8,12.5
2019-08-19,0.4,21.4,33.4,5.0,2.2,10.8
2019-08-20,0.1,20.2,30.0,3.0,3.1,9.4
2019-08-21,16.2,17.7,30.2,8.0,0.8,13.6
2019-08-22,0.0,17.0,31.0,12.0,1.7,6.4
2019-08-23,0.0,20.0,32.3,10.0,0.8,5.3
2019-08-24,0.0,20.5,33.6,13.0,1.4,6.7
2019-08-25,4.2,21.6,34.0,12.0,2.8,9.7
2019-08-26,26.9,15.4,26.4,12.0,1.7,10.3
2019-08-27,0.0,15.0,26.2,7.0,0.8,6.1
2019-08-28,0.0,18.4,30.2,,1.7,4.7
2019-08-29,0.0,20.0,32.5,5.0,0.8,6.7
2019-08-30,10.6,20.0,34.2,24.0,1.9,13.1
2019-08-31,0.0,18.0,32.0,13.0,0.6,5.3
2019-09-01,0.0,20.5,31.9,7.0,1.9,13.9
2019-09-02,0.0,18.2,30.6,4.0,3.1,12.2
2019-09-03,0.0,18.8,31.5,5.0,1.7,7.5
2019-09-04,0.0,19.5,32.7,3.0,1.1,11.1
2019-09-05,0.0,15.5,27.7,5.0,3.3,15.6
2019-09-06,0.0,12.4,26.0,4.0,2.2,12.2
2019-09-07,0.0,14.0,27.5,5.0,1.7,11.4
2019-09-08,0.0,16.8,28.7,3.0,1.9,8.6
2019-09-09,0.0,16.5,29.8,27.0,3.1,11.9
2019-09-10,0.0,14.2,22.0,3.0,3.3,13.9
2019-09-11,0.0,14.4,26.0,4.0,4.2,15.8
2019-09-12,0.0,15.8,28.4,2.0,3.3,12.8
2019-09-13,6.8,14.7,20.7,4.0,3.3,11.7
2019-09-14,13.7,15.6,20.5,15.0,2.8,8.6
2019-09-15,1.7,15.5,22.0,9.0,2.2,7.2
2019-09-16,0.0,16.6,25.3,33.0,0.8,9.2
2019-09-17,0.0,17.0,28.4,25.0,1.7,11.4
2019-09-18,0.0,17.0,27.1,17.0,1.4,5.8
2019-09-19,0.0,17.5,29.0,4.0,1.7,5.8
2019-09-20,6.7,16.4,25.0,24.0,2.5,13.6
2019-09-21,4.2,14.6,21.5,24.0,1.1,5.3
2019-09-22,0.0,15.2,23.7,23.0,2.5,8.3
2019-09-23,0.0,12.0,23.0,25.0,1.1,5.6
2019-09-24,0.0,13.0,26.5,28.0,2.5,10.3
2019-09-25,0.0,14.0,23.9,32.0,1.4,8.6
2019-09-26,0.0,15.4,26.5,7.0,1.4,5.0
2019-09-27,0.0,14.8,28.2,23.0,1.4,6.7
2019-09-28,0.0,15.2,27.5,3.0,1.4,5.3
2019-09-29,0.0,15.2,29.9,22.0,1.7,7.5
2019-09-30,0.0,14.0,29.0,23.0,1.4,7.5
2019-10-01,0.0,14.0,26.5,,2.2,11.4
2019-10-02,0.0,14.0,22.2,33.0,1.9,10.0
2019-10-03,0.0,11.8,24.2,17.0,1.1,4.7
2019-10-04,0.0,13.5,26.3,23.0,1.4,5.8
2019-10-05,0.0,14.3,26.0,20.0,1.1,5.0
2019-10-06,0.0,13.5,26.5,33.0,1.4,6.9
2019-10-07,0.0,15.0,26.6,9.0,0.8,6.1
2019-10-08,0.0,15.1,28.0,21.0,1.1,5.8
2019-10-09,0.0,16.0,27.0,4.0,0.6,10.3
2019-10-10,0.0,15.1,24.7,6.0,1.9,11.1
2019-10-11,0.0,16.0,25.3,13.0,1.1,5.0
2019-10-12,5.4,15.7,26.0,20.0,1.4,12.8
2019-10-13,0.0,15.2,22.6,24.0,1.4,6.7
2019-10-14,3.2,8.4,19.5,26.0,3.9,17.2
2019-10-15,0.0,7.0,16.3,27.0,1.7,7.2
2019-10-16,0.6,7.8,18.4,26.0,1.9,7.5
2019-10-17,2.3,9.7,15.9,,1.4,6.4
2019-10-18,0.1,14.0,19.8,25.0,2.5,9.7
2019-10-19,18.4,11.3,17.0,21.0,2.5,8.9
2019-10-20,0.5,6.8,12.5,25.0,2.5,10.3
2019-10-21,0.0,6.3,14.4,4.0,1.1,6.1
2019-10-22,10.1,8.3,11.0,7.0,2.5,10.0
2019-10-23,1.5,7.0,10.2,26.0,1.4,6.4
2019-10-24,0.0,7.5,16.5,29.0,1.4,6.4
2019-10-25,0.0,8.2,18.6,6.0,1.1,4.2
2019-10-26,0.0,9.5,20.9,,1.1,5.6
2019-10-27,0.0,10.6,20.9,4.0,0.8,5.6
2019-10-28,0.0,13.4,21.2,24.0,1.7,5.6
2019-10-29,0.0,11.0,17.6,,0.6,3.3
2019-10-30,0.0,10.8,18.0,28.0,0.8,6.4
2019-10-31,0.5,14.2,21.7,29.0,1.4,8.1
2019-11-01,0.2,14.3,19.3,26.0,3.1,12.2
2019-11-02,0.0,13.2,18.6,26.0,3.3,11.9
2019-11-03,0.0,12.6,16.5,30.0,5.0,17.8
2019-11-04,1.3,8.7,16.6,24.0,5.3,14.7
2019-11-05,1.8,7.7,14.7,28.0,3.1,13.1
2019-11-06,0.1,7.4,13.7,26.0,1.9,10.3
2019-11-07,1.0,3.7,12.6,33.0,3.3,11.9
2019-11-08,0.1,4.3,12.4,29.0,3.3,13.9
2019-11-09,1.4,5.2,11.5,30.0,1.9,12.8
2019-11-10,0.0,4.5,9.6,35.0,3.3,12.2
2019-11-11,0.0,3.9,11.8,4.0,1.7,7.2
2019-11-12,5.4,4.2,12.6,23.0,1.7,9.2
2019-11-13,1.8,9.0,15.0,26.0,2.8,13.6
2019-11-14,0.5,4.9,10.2,30.0,3.6,14.4
2019-11-15,0.0,4.2,9.2,28.0,2.8,11.9
2019-11-16,0.0,1.5,9.9,30.0,1.4,10.3
2019-11-17,3.9,3.5,7.8,23.0,2.2,7.5
2019-11-18,0.0,3.0,10.5,,3.3,7.5
2019-11-19,0.0,0.7,9.4,22.0,0.8,5.8
2019-11-20,5.2,3.2,8.6,26.0,0.6,5.3
2019-11-21,1.6,5.5,8.8,26.0,0.8,6.1
2019-11-22,8.8,6.4,11.4,23.0,3.1,13.3
2019-11-23,0.0,6.5,11.7,28.0,3.6,16.1
2019-11-24,0.0,6.0,11.8,31.0,3.1,10.3
2019-11-25,0.0,8.5,15.6,23.0,2.2,8.6
2019-11-26,2.5,9.5,13.4,26.0,1.7,11.4
2019-11-27,0.0,9.6,13.3,23.0,2.5,10.8
2019-11-28,0.0,8.0,11.7,25.0,2.8,9.2
2019-11-29,0.6,11.0,14.3,26.0,1.9,9.4
2019-11-30,7.8,8.5,14.9,32.0,3.1,11.4
2019-12-01,26.8,6.2,8.7,4.0,1.1,8.1
2019-12-02,0.0,5.3,10.8,5.0,5.0,12.2
2019-12-03,2.0,2.8,9.0,6.0,3.3,11.4
2019-12-04,2.0,5.4,11.6,5.0,3.1,11.1
2019-12-05,0.0,7.9,12.0,5.0,3.6,12.8
2019-12-06,0.0,6.7,12.5,5.0,1.1,6.1
2019-12-07,0.0,3.7,12.0,4.0,0.8,4.7
2019-12-08,2.7,4.1,7.0,8.0,0.3,3.1
2019-12-09,0.0,4.7,11.6,26.0,1.4,5.8
2019-12-10,0.0,3.9,8.0,12.0,0.6,4.2
2019-12-11,0.3,3.8,11.0,28.0,2.8,11.7
2019-12-12,1.7,4.5,9.7,26.0,3.9,13.3
2019-12-13,0.0,8.5,14.5,27.0,3.9,13.3
2019-12-14,0.0,6.8,12.5,22.0,2.5,7.8
2019-12-15,0.0,7.2,11.8,24.0,1.9,6.7
2019-12-16,0.3,6.8,14.2,16.0,3.3,9.2
2019-12-17,0.9,7.1,11.2,,1.7,5.8
2019-12-18,1.2,4.0,9.5,24.0,0.6,5.0
2019-12-19,38.4,7.2,12.3,21.0,1.9,16.1
2019-12-20,12.8,10.7,12.8,23.0,4.2,18.1
2019-12-21,1.0,10.4,16.0,26.0,5.3,20.6
2019-12-22,0.0,9.0,13.5,,3.9,16.9
2019-12-23,0.0,5.5,12.3,25.0,1.1,9.4
2019-12-24,0.0,5.9,14.0,4.0,1.1,4.7
2019-12-25,0.0,5.6,15.0,6.0,0.6,4.4
2019-12-26,0.0,6.1,14.5,4.0,1.1,7.5
2019-12-27,0.0,4.3,13.5,4.0,0.8,7.5
2019-12-28,0.0,2.5,13.9,6.0,0.6,3.6
2019-12-29,0.0,2.5,13.2,,0.8,3.9
2019-12-30,0.0,2.5,11.5,,0.8,
2019-12-31,0.0,2.3,11.4,7.0,0.3,3.1
2020-01-01,0.0,1.9,11.2,5.0,0.3,3.3
2020-01-02,0.0,1.6,10.5,,0.6,3.3
2020-01-03,0.0,1.5,6.0,,0.6,5.0
2020-01-04,0.0,2.8,11.2,4.0,2.5,9.4
2020-01-05,0.0,1.5,10.9,5.0,0.8,5.3
2020-01-06,0.0,1.4,12.0,5.0,0.6,3.6
2020-01-07,0.0,0.8,12.0,10.0,0.8,3.1
2020-01-08,0.0,1.8,13.5,9.0,0.3,3.3
2020-01-09,0.0,4.0,11.5,30.0,1.1,9.4
2020-01-10,0.0,4.2,10.8,4.0,3.3,9.7
2020-01-11,0.0,2.0,10.4,5.0,1.4,6.1
2020-01-12,0.0,-0.7,9.0,17.0,1.1,3.1
2020-01-13,0.0,-0.5,8.5,24.0,1.1,5.6
2020-01-14,0.0,-0.5,8.4,22.0,0.8,6.4
2020-01-15,0.0,3.3,8.3,7.0,0.6,4.7
2020-01-16,0.0,7.2,12.8,26.0,1.1,8.3
2020-01-17,0.8,4.8,12.5,26.0,1.7,9.2
2020-01-18,1.6,5.3,8.5,27.0,1.1,9.7
2020-01-19,0.1,3.1,10.1,6.0,4.4,20.8
2020-01-20,0.0,1.7,5.7,4.0,6.1,18.9
2020-01-21,2.7,3.6,7.3,2.0,6.1,17.5
2020-01-22,1.2,4.4,10.0,4.0,2.8,11.4
2020-01-23,1.0,3.2,10.0,5.0,2.5,11.9
2020-01-24,5.4,6.2,9.2,13.0,0.8,5.6
2020-01-25,3.0,5.8,9.6,16.0,1.7,6.7
2020-01-26,0.0,3.0,10.1,22.0,0.6,8.1
2020-01-27,0.2,3.0,9.0,27.0,1.7,9.4
2020-01-28,0.1,8.0,12.4,25.0,3.3,10.3
2020-01-29,0.0,9.9,13.7,25.0,1.9,8.3
2020-01-30,0.1,8.4,11.8,27.0,2.8,8.3
2020-01-31,0.2,9.5,15.7,26.0,1.7,6.9
2020-02-01,0.0,10.4,17.5,23.0,2.8,8.1
2020-02-02,0.0,10.6,12.7,4.0,0.6,3.9
2020-02-03,0.0,8.1,17.4,5.0,0.6,4.7
2020-02-04,0.0,6.5,16.8,4.0,1.7,10.0
2020-02-05,0.0,4.7,13.0,10.0,1.1,7.5
2020-02-06,0.0,4.5,10.2,4.0,0.8,5.3
2020-02-07,0.0,5.2,11.6,23.0,0.8,4.7
2020-02-08,0.0,6.2,11.0,26.0,0.3,5.3
2020-02-09,0.0,7.5,11.4,24.0,0.8,4.7
2020-02-10,0.0,7.2,15.5,,0.6,3.6
2020-02-11,0.0,7.5,13.0,15.0,0.6,3.1
2020-02-12,0.0,9.7,11.3,15.0,0.8,3.9
2020-02-13,0.0,7.8,14.3,22.0,1.4,6.1
2020-02-14,0.0,6.9,13.5,13.0,0.6,4.4
2020-02-15,0.0,4.9,15.4,23.0,0.8,5.0
2020-02-16,0.0,5.4,17.0,24.0,1.7,9.2
2020-02-17,0.0,6.8,14.0,7.0,0.8,6.9
2020-02-18,0.0,5.7,13.4,2.0,1.4,8.3
2020-02-19,0.0,3.9,14.2,5.0,1.7,6.9
2020-02-20,0.0,3.6,15.6,,1.1,4.7
2020-02-21,0.0,3.9,18.3,5.0,0.8,6.7
2020-02-22,0.0,5.2,20.0,4.0,0.8,5.3
2020-02-23,0.0,7.6,20.2,6.0,0.8,8.6
2020-02-24,0.0,6.6,20.1,24.0,1.1,5.6
2020-02-25,0.0,5.6,19.0,32.0,2.5,9.7
2020-02-26,0.0,6.5,15.5,31.0,3.1,10.8
2020-02-27,0.0,6.4,18.5,28.0,3.9,11.9
2020-02-28,0.0,7.4,18.2,32.0,1.1,5.8
2020-02-29,0.0,7.4,13.2,24.0,4.4,14.4
2020-03-01,2.2,8.3,15.2,24.0,4.2,13.9
2020-03-02,0.0,6.3,12.7,26.0,4.7,20.0
2020-03-03,0.0,5.2,14.4,25.0,3.1,11.4
2020-03-04,0.0,10.6,19.2,28.0,2.8,10.8
2020-03-05,0.5,8.1,15.9,29.0,4.4,16.1
2020-03-06,0.0,6.2,13.0,30.0,4.2,16.9
2020-03-07,0.0,3.5,15.8,35.0,1.7,6.9
2020-03-08,0.0,3.5,15.2,28.0,1.4,10.3
2020-03-09,0.0,7.7,16.5,33.0,1.7,11.1
2020-03-10,0.0,7.4,22.3,24.0,1.1,5.8
2020-03-11,0.0,9.8,24.0,19.0,0.8,4.2
2020-03-12,0.0,12.5,24.0,,1.4,5.3
2020-03-13,0.0,11.9,22.7,5.0,1.4,6.9
2020-03-14,0.0,10.6,21.8,4.0,1.1,6.9
2020-03-15,7.7,9.5,20.5,28.0,1.9,11.4
2020-03-16,3.0,3.9,10.2,13.0,1.4,11.4
2020-03-17,0.2,5.0,16.0,12.0,2.5,10.8
2020-03-18,0.0,10.3,16.3,4.0,1.1,7.8
2020-03-19,0.0,10.2,16.8,17.0,1.7,8.3
2020-03-20,0.0,9.2,12.5,12.0,2.8,7.8
2020-03-21,2.2,7.2,9.3,12.0,1.4,7.2
2020-03-22,9.5,6.7,13.0,5.0,1.9,7.2
2020-03-23,4.0,7.2,14.4,5.0,1.9,11.1
2020-03-24,0.0,8.5,15.6,4.0,2.2,8.9
2020-03-25,0.0,6.4,17.0,,2.2,7.5
2020-03-26,0.0,4.0,15.9,4.0,2.8,9.7
2020-03-27,0.0,2.0,10.3,4.0,2.8,9.7
2020-03-28,0.0,2.6,15.7,3.0,1.9,7.2
2020-03-29,0.0,5.0,19.3,4.0,1.4,9.2
2020-03-30,9.8,0.5,10.8,5.0,4.2,11.9
2020-03-31,18.2,0.1,9.6,5.0,2.8,11.1
2020-04-01,0.9,5.7,13.5,25.0,1.7,7.5
2020-04-02,0.0,3.4,15.2,4.0,2.8,9.7
2020-04-03,0.0,5.0,17.7,20.0,1.1,7.2
2020-04-04,0.0,5.8,18.5,14.0,3.6,11.4
2020-04-05,0.8,8.9,19.4,16.0,1.7,7.2
2020-04-06,7.2,11.6,17.9,24.0,1.9,7.5
2020-04-07,6.7,10.6,17.3,21.0,1.1,6.1
2020-04-08,0.0,10.6,21.6,26.0,1.1,6.1
2020-04-09,14.2,11.0,15.2,18.0,1.4,6.4
2020-04-10,2.7,10.0,13.8,16.0,1.1,6.7
2020-04-11,0.2,11.2,18.3,13.0,1.4,5.8
2020-04-12,2.4,10.0,20.0,16.0,1.1,8.3
2020-04-13,1.1,7.6,18.2,17.0,1.1,6.7
2020-04-14,3.0,11.0,16.8,13.0,1.4,9.7
2020-04-15,18.1,8.4,15.3,15.0,3.1,15.0
2020-04-16,3.5,9.8,18.7,15.0,2.8,12.5
2020-04-17,0.0,10.5,17.8,23.0,1.9,8.6
2020-04-18,3.3,10.4,20.5,10.0,1.1,6.4
2020-04-19,5.2,9.2,18.1,33.0,1.4,8.6
2020-04-20,0.4,7.6,18.6,25.0,1.9,10.8
2020-04-21,0.1,7.8,14.9,26.0,1.4,8.3
2020-04-22,0.0,9.1,19.6,6.0,1.1,6.1
2020-04-23,0.0,12.4,20.0,11.0,1.4,5.3
2020-04-24,0.0,11.2,22.1,18.0,1.7,6.9
2020-04-25,0.0,11.6,23.0,32.0,1.7,8.3
2020-04-26,0.0,12.2,20.8,24.0,2.2,10.0
2020-04-27,0.0,10.1,17.3,19.0,2.8,10.3
2020-04-28,0.0,7.7,17.6,26.0,2.8,10.0
2020-04-29,0.0,7.1,19.7,25.0,3.1,13.6
2020-04-30,0.0,10.4,19.6,25.0,3.9,12.5
2020-05-01,0.0,10.9,21.9,25.0,2.8,10.3
2020-05-02,0.0,12.0,25.9,25.0,1.9,9.2
2020-05-03,0.0,12.4,28.8,22.0,1.1,6.1
2020-05-04,0.0,16.6,30.0,22.0,2.8,13.9
2020-05-05,0.0,12.9,23.7,26.0,2.2,9.7
2020-05-06,0.0,10.1,25.6,,0.6,7.2
2020-05-07,0.0,14.8,26.1,12.0,3.3,10.8
2020-05-08,0.0,15.7,27.5,13.0,1.7,7.2
2020-05-09,0.1,13.0,23.2,26.0,2.8,10.0
2020-05-10,0.0,9.3,19.5,26.0,3.9,12.2
2020-05-11,1.2,10.0,19.6,25.0,3.6,12.2
2020-05-12,19.3,9.3,15.2,14.0,3.1,8.3
2020-05-13,9.0,9.3,18.8,23.0,1.7,7.8
2020-05-14,11.4,9.1,14.7,26.0,1.4,7.5
2020-05-15,13.2,9.7,19.0,15.0,1.1,7.8
2020-05-16,0.8,10.8,20.3,6.0,3.1,10.6
2020-05-17,0.0,9.5,22.4,3.0,1.9,11.4
2020-05-18,0.0,10.6,27.2,5.0,1.1,9.2
2020-05-19,0.0,13.1,29.3,4.0,0.8,7.5
2020-05-20,0.0,14.6,30.9,23.0,1.1,7.2
2020-05-21,0.0,15.0,31.6,27.0,1.7,6.7
2020-05-22,0.0,16.4,32.0,27.0,1.7,9.2
2020-05-23,0.0,17.5,32.5,,1.9,11.7
2020-05-24,0.0,17.7,30.2,5.0,1.7,10.6
2020-05-25,1.8,17.2,30.9,3.0,1.9,11.7
2020-05-26,0.0,16.7,25.4,6.0,2.5,8.1
2020-05-27,0.0,17.0,30.0,17.0,2.5,9.2
2020-05-28,0.0,17.3,29.4,,1.7,7.2
2020-05-29,0.0,15.7,30.6,10.0,1.1,6.7
2020-05-30,0.0,17.9,31.6,4.0,1.7,6.7
2020-05-31,37.8,15.4,30.7,18.0,2.2,18.3
2020-06-01,0.0,14.9,27.3,17.0,0.8,5.3
2020-06-02,0.0,17.5,28.5,25.0,1.1,8.3
2020-06-03,4.5,16.0,28.0,26.0,2.8,11.7
2020-06-04,0.0,14.9,22.9,29.0,3.6,12.8
2020-06-05,0.0,12.7,27.6,4.0,1.4,7.5
2020-06-06,0.0,15.6,27.1,24.0,2.8,13.6
2020-06-07,2.0,13.0,24.7,25.0,1.4,10.6
2020-06-08,0.0,11.0,23.2,,2.8,
2020-06-09,0.0,10.8,23.8,,,
2020-06-10,0.0,11.6,25.5,,,
2020-06-11,0.0,14.2,24.0,,,
2020-06-12,1.8,10.0,20.9,,,
2020-06-13,0.0,10.3,23.4,,,
2020-06-14,0.0,12.9,25.5,,,
2020-06-15,0.0,14.1,27.0,,,
2020-06-16,0.0,15.8,25.6,,,
2020-06-17,0.0,13.7,27.1,,,
2020-06-18,0.0,15.8,28.9,,,
2020-06-19,0.0,16.5,30.3,,,
2020-06-20,0.0,16.5,32.3,,,
2020-06-21,0.0,18.8,33.9,,,
2020-06-22,0.0,19.1,34.4,,,
2020-06-23,0.0,21.6,36.2,,,
2020-06-24,0.1,22.7,31.3,,,
2020-06-25,0.0,21.7,34.6,,,
2020-06-26,0.0,20.8,31.2,,,
2020-06-27,0.0,18.5,32.1,,,
2020-06-28,0.0,20.0,34.4,,,
2020-06-29,0.0,21.2,36.5,,0.0,
2020-06-30,0.0,22.1,37.0,,,
2020-07-01,0.0,20.7,35.4,,,
2020-07-02,0.0,20.8,33.0,,,
2020-07-03,0.0,16.6,31.2,,,
2020-07-04,0.0,18.4,33.5,,,
2020-07-05,0.0,20.3,35.5,,,
2020-07-06,0.0,22.5,36.8,,,
2020-07-07,0.0,22.4,37.8,,0.0,
2020-07-08,0.0,24.0,35.1,,,
2020-07-09,0.0,21.0,34.2,,0.0,
2020-07-10,0.0,18.9,33.1,,,
2020-07-11,0.6,21.6,36.1,,,
2020-07-12,0.0,21.4,32.8,,,
2020-07-13,0.0,19.8,34.3,,,
2020-07-14,0.0,19.7,33.5,,,
2020-07-15,0.0,18.1,32.5,,,
2020-07-16,0.0,18.4,34.1,,2.2,9.2
2020-07-17,0.0,20.5,34.6,7.0,3.3,9.2
2020-07-18,0.0,19.0,34.7,29.0,2.8,6.9
2020-07-19,0.0,21.8,36.7,24.0,2.2,8.9
2020-07-20,0.0,21.0,36.6,23.0,1.7,7.2
2020-07-21,5.4,24.0,35.0,10.0,2.8,10.3
2020-07-22,0.0,16.6,31.7,,,
2020-07-23,0.0,21.6,36.1,,,
2020-07-24,0.0,22.0,35.7,,,
2020-07-25,0.0,22.2,36.5,,,
2020-07-26,0.0,23.0,38.0,,,
2020-07-27,0.0,25.0,39.4,,,
2020-07-28,0.0,23.4,35.6,,,
2020-07-29,0.0,23.2,37.2,,,
2020-07-30,0.0,23.5,39.2,,,
2020-07-31,0.0,24.0,37.8,,0.0,
2020-08-01,0.0,21.5,37.5,,,
2020-08-02,0.0,21.5,35.6,,,
2020-08-03,0.0,17.0,31.0,,,
2020-08-04,0.0,19.1,33.1,,,
2020-08-05,0.0,20.5,35.0,,,
2020-08-06,0.0,23.9,37.7,,,
2020-08-07,0.0,25.2,38.2,,1.7,8.9
2020-08-08,0.0,25.4,34.2,,1.9,6.1
2020-08-09,0.8,24.8,37.6,,,
2020-08-10,1.1,21.2,31.0,,1.9,13.6
2020-08-11,26.6,15.0,24.4,,1.4,9.7
2020-08-12,0.0,14.6,27.2,,0.3,2.5
2020-08-13,0.0,16.9,29.4,,,
2020-08-14,0.0,19.4,31.9,,2.5,7.5
2020-08-15,0.0,17.3,29.5,,3.3,10.8
2020-08-16,0.0,15.5,28.2,,1.9,8.6
2020-08-17,0.0,15.7,27.5,,2.8,7.5
2020-08-18,0.0,19.0,30.0,,1.7,5.8
2020-08-19,0.0,18.5,32.3,,2.5,9.2
2020-08-20,0.0,17.2,33.6,,3.1,8.9
2020-08-21,0.0,20.4,31.6,,3.3,10.8
2020-08-22,0.0,19.9,32.4,,2.2,7.8
2020-08-23,0.0,19.8,33.0,,1.7,8.3
2020-08-24,0.0,20.1,32.5,,2.2,7.8
2020-08-25,0.0,21.3,35.6,,1.9,6.4
2020-08-26,0.0,21.0,36.0,,2.5,7.8
2020-08-27,0.0,21.6,36.4,,2.5,6.7
2020-08-28,0.0,20.0,32.0,,3.3,10.0
2020-08-29,0.0,14.5,23.0,,3.6,11.1
2020-08-30,0.0,11.6,23.1,,2.8,10.0
2020-08-31,0.0,12.1,25.0,,1.9,6.7
2020-09-01,0.0,15.3,26.4,,1.1,16.7
2020-09-02,0.0,15.2,29.0,,2.8,10.0
2020-09-03,0.0,17.2,30.8,,1.9,6.1
2020-09-04,0.0,18.8,31.6,,1.7,5.3
2020-09-05,0.0,18.0,32.3,,0.8,7.5
2020-09-06,0.0,19.9,32.4,,2.2,8.9
2020-09-07,0.0,14.0,26.3,,3.1,10.8
2020-09-08,0.0,13.1,26.3,,3.1,11.7
2020-09-09,0.0,15.7,28.2,,1.4,8.6
2020-09-10,0.0,17.9,29.9,,2.2,8.6
2020-09-11,0.0,18.5,30.8,,2.2,8.3
2020-09-12,0.0,19.1,31.6,,1.9,7.8
2020-09-13,0.0,19.6,32.1,,2.8,7.2
2020-09-14,1.3,19.6,28.8,,1.9,10.6
2020-09-15,0.0,18.0,27.5,,2.2,5.8
2020-09-16,3.4,18.8,30.0,,0.8,21.1
2020-09-17,13.0,17.4,25.5,,,
2020-09-18,22.2,15.0,20.6,,,
2020-09-19,0.6,14.9,19.6,,,
2020-09-20,0.0,16.1,21.7,,,
2020-09-21,0.0,13.7,23.9,,,
2020-09-22,0.0,13.1,24.4,,,
2020-09-23,6.6,16.3,23.2,,,
2020-09-24,6.9,14.5,21.7,28.0,3.1,11.4
2020-09-25,0.0,12.4,18.8,32.0,4.2,15.3
2020-09-26,0.0,9.3,20.0,31.0,2.2,12.2
2020-09-27,0.0,11.5,21.7,2.0,2.2,9.4
2020-09-28,0.0,9.1,21.9,3.0,1.1,5.3
2020-09-29,0.0,13.2,24.9,,1.4,5.3
2020-09-30,0.0,11.6,25.5,23.0,1.7,6.4
2020-10-01,0.0,12.8,22.6,27.0,3.3,11.7
2020-10-02,7.5,9.4,15.9,30.0,5.3,16.7
2020-10-03,0.0,8.3,17.7,32.0,3.9,10.6
2020-10-04,0.0,8.0,17.4,25.0,2.8,11.4
2020-10-05,0.0,10.2,18.3,26.0,2.2,9.2
2020-10-06,0.0,9.9,24.3,32.0,1.7,6.4
2020-10-07,0.0,11.6,24.2,4.0,1.1,4.7
2020-10-08,0.0,14.5,23.8,,1.4,6.4
2020-10-09,0.0,12.9,25.4,4.0,1.1,5.8
2020-10-10,0.0,12.4,23.1,4.0,3.1,11.7
2020-10-11,0.0,9.5,18.6,3.0,3.6,11.1
2020-10-12,0.0,9.4,18.2,3.0,2.8,9.7
2020-10-13,0.0,8.3,21.8,32.0,2.2,10.6
2020-10-14,0.0,9.4,16.5,30.0,1.9,8.9
2020-10-15,0.0,6.6,16.4,2.0,1.9,9.4
2020-10-16,0.0,4.6,14.7,5.0,1.4,5.6
2020-10-17,0.0,5.5,16.8,25.0,1.1,4.7
2020-10-18,0.0,7.6,19.6,5.0,1.4,5.6
2020-10-19,4.4,9.9,22.0,15.0,1.7,6.7
2020-10-20,24.2,11.9,17.7,20.0,1.7,19.7
2020-10-21,3.5,12.6,16.8,24.0,2.5,8.9
2020-10-22,9.6,11.3,16.1,18.0,1.9,8.9
2020-10-23,2.5,9.2,14.9,24.0,,8.3
2020-10-24,0.0,7.6,14.8,,3.3,
2020-10-25,7.5,7.4,14.5,,,
2020-10-26,0.0,6.0,13.0,,,
2020-10-27,0.0,5.6,15.2,,,
2020-10-28,0.0,8.1,12.9,,,
2020-10-29,0.0,9.2,14.5,,,
2020-10-30,0.0,7.8,18.1,,,
2020-10-31,0.0,8.6,20.2,,,
2020-11-01,0.0,9.3,19.4,,,
2020-11-02,0.0,10.5,18.7,,,
2020-11-03,1.0,10.1,14.9,,,
2020-11-04,3.8,7.7,11.5,,,
2020-11-05,6.4,8.1,12.5,,,
2020-11-06,20.0,10.8,18.1,,,
2020-11-07,0.6,9.4,14.8,,,
2020-11-08,7.2,8.4,15.0,,,
2020-11-09,0.0,9.7,14.5,,,
2020-11-10,0.0,7.2,15.3,,,
2020-11-11,0.0,7.4,14.0,,,
2020-11-12,0.0,8.9,14.8,,,
2020-11-13,0.0,9.3,15.2,,,
2020-11-14,2.5,10.7,12.3,,,
2020-11-15,0.0,11.5,15.6,,,
2020-11-16,0.1,11.2,17.4,,,
2020-11-17,0.0,8.4,13.5,,,
2020-11-18,0.0,9.3,13.9,,,
2020-11-19,0.0,8.0,19.4,,,
2020-11-20,0.0,7.5,15.7,,,
2020-11-21,0.0,6.4,13.5,,,
2020-11-22,0.0,4.2,12.7,,,
2020-11-23,0.0,4.5,13.9,,,
2020-11-24,0.0,4.1,11.8,,,
2020-11-25,3.0,5.4,11.5,,,
2020-11-26,4.6,8.5,12.5,,,
2020-11-27,11.4,7.4,11.2,,,
2020-11-28,0.0,7.1,10.8,,,
2020-11-29,0.0,6.4,11.3,,,
2020-11-30,0.0,6.4,12.9,,,
2020-12-01,0.0,4.9,14.6,,,
2020-12-02,0.0,3.5,10.8,,,
2020-12-03,1.9,0.1,8.5,,,
2020-12-04,0.1,2.6,7.3,,,
2020-12-05,0.0,0.9,7.6,,,
2020-12-06,0.0,2.0,7.7,,,
2020-12-07,4.5,5.2,11.0,,,
2020-12-08,0.1,4.4,9.1,,,
2020-12-09,0.5,3.0,9.3,,,
2020-12-10,4.0,5.4,14.5,,,
2020-12-11,0.1,11.9,15.0,,,
2020-12-12,0.0,8.6,13.7,,,
2020-12-13,0.0,4.9,11.1,,,
2020-12-14,2.0,9.2,13.2,,,
2020-12-15,0.0,5.6,10.3,,,
2020-12-16,0.1,5.4,10.6,,,
2020-12-17,0.1,8.1,12.7,,,
2020-12-18,0.8,5.6,9.8,,,
2020-12-19,1.8,7.3,8.5,,,
2020-12-20,0.2,5.7,11.2,,,
2020-12-21,0.0,6.3,10.6,,,
2020-12-22,0.0,7.0,10.1,,,
2020-12-23,0.1,5.6,9.0,,,
2020-12-24,0.0,5.4,10.2,,,
2020-12-25,0.0,2.2,8.4,,,
2020-12-26,0.0,-0.9,8.6,,,
2020-12-27,2.2,-1.3,6.9,,,
2020-12-28,0.1,2.9,8.5,,,
2020-12-29,0.0,0.8,8.2,,,
2020-12-30,0.0,1.2,8.4,,,
2020-12-31,1.0,-1.2,6.9,,,
2021-01-01,0.0,1.6,6.5,,,
2021-01-02,0.0,-0.9,5.4,,,
2021-01-03,0.0,-1.8,7.8,,,
2021-01-04,0.0,0.0,5.4,,,
2021-01-05,0.0,-1.7,4.7,,,
2021-01-06,0.0,-2.2,5.0,,,
2021-01-07,2.3,-0.6,1.4,,,
2021-01-08,32.9,-1.0,0.3,,,
2021-01-09,17.7,-1.6,0.5,,,
2021-01-10,0.0,-0.8,3.2,,,
2021-01-11,0.0,-4.4,3.2,,,
2021-01-12,0.0,-7.4,0.7,,,
2021-01-13,0.0,-7.2,3.7,,,
2021-01-14,0.0,-5.3,5.1,,,
2021-01-15,0.0,-4.5,5.4,,,
2021-01-16,0.0,-3.4,7.8,,,
2021-01-17,0.0,-3.7,6.8,,,
2021-01-18,0.0,-1.7,8.7,,,
2021-01-19,0.0,-0.6,7.4,,,
2021-01-20,3.1,0.9,6.5,,,
2021-01-21,7.9,5.4,10.0,,,
2021-01-22,0.0,4.9,10.2,,,
2021-01-23,1.7,3.6,10.6,,,
2021-01-24,0.0,7.5,12.2,,,
2021-01-25,0.0,7.5,13.0,,,
2021-01-26,0.0,9.7,14.9,,,
2021-01-27,0.0,9.7,17.8,,,
2021-01-28,0.0,9.3,11.6,,,
2021-01-29,1.3,8.4,11.1,,,
2021-01-30,3.1,8.2,12.6,,,
2021-01-31,0.0,8.1,12.8,,,
2021-02-01,0.0,7.9,16.1,,,
2021-02-02,0.0,8.3,12.4,,,
2021-02-03,0.1,8.4,11.8,,,
2021-02-04,0.2,9.1,12.8,,,
2021-02-05,12.3,8.8,16.0,,,
2021-02-06,1.3,7.6,11.3,,,
2021-02-07,10.0,5.2,10.8,,,
2021-02-08,2.2,5.4,10.6,,,
2021-02-09,18.2,5.4,9.1,,,
2021-02-10,0.1,5.9,13.6,,,
2021-02-11,2.2,7.5,12.3,,,
2021-02-12,0.1,7.9,13.9,,,
2021-02-13,0.0,5.4,15.7,,,
2021-02-14,0.0,5.0,14.6,,,
2021-02-15,0.0,7.1,14.8,,,
2021-02-16,0.0,5.3,14.4,,,
2021-02-17,0.0,5.4,15.8,,,
2021-02-18,0.0,5.4,15.6,,,
2021-02-19,0.0,5.4,17.5,,,
2021-02-20,0.0,7.2,17.4,,,
2021-02-21,3.2,5.3,11.9,,,
2021-02-22,0.1,5.3,10.9,,,
2021-02-23,0.0,4.7,13.0,,,
2021-02-24,0.0,5.4,14.6,,,
2021-02-25,0.0,7.0,12.9,,,
2021-02-26,0.0,7.4,15.8,,,
2021-02-27,0.0,7.5,18.2,,,
2021-02-28,0.0,5.4,14.2,,,
2021-03-01,0.0,7.4,9.7,,,
2021-03-02,0.0,7.9,13.0,,,
2021-03-03,0.0,9.0,13.5,,,
2021-03-04,0.0,6.6,12.7,,,
2021-03-05,0.0,7.0,14.0,,,
2021-03-06,0.0,9.1,14.8,,,
2021-03-07,0.0,8.3,14.2,,,
2021-03-08,3.4,5.9,13.0,,,
2021-03-09,0.0,5.3,12.9,,,
2021-03-10,0.0,2.8,15.3,,,
2021-03-11,0.0,5.4,17.8,,,
2021-03-12,0.0,7.3,15.3,,,
2021-03-13,0.0,4.3,15.4,,,
2021-03-14,0.0,4.4,15.4,,,
2021-03-15,0.0,4.7,18.1,,,
2021-03-16,0.0,5.3,18.1,,,
2021-03-17,0.0,8.0,18.8,,,
2021-03-18,0.0,5.4,11.8,,,
2021-03-19,0.0,3.5,11.9,,,
2021-03-20,0.0,2.6,11.7,,,
2021-03-21,0.0,0.6,15.5,,,
2021-03-22,0.0,2.5,16.4,,,
2021-03-23,0.0,4.5,18.3,,,
2021-03-24,0.0,5.4,19.9,,,
2021-03-25,0.0,7.1,19.8,,,
2021-03-26,0.0,8.1,18.5,,,
2021-03-27,0.0,7.7,17.5,,,
2021-03-28,0.0,8.3,20.9,,,
2021-03-29,0.0,9.8,22.5,,,
2021-03-30,0.0,11.8,20.5,,,
2021-03-31,0.0,10.3,23.4,,,
2021-04-01,4.3,12.6,22.3,,,
2021-04-02,3.0,10.7,16.6,,,
2021-04-03,1.9,8.4,19.9,,,
2021-04-04,0.1,7.9,19.2,,,
2021-04-05,0.0,8.5,21.0,,,
2021-04-06,0.0,8.1,23.0,,,
2021-04-07,0.0,5.3,19.6,,,
2021-04-08,0.4,9.1,17.0,,,
2021-04-09,5.2,7.9,12.7,,,
2021-04-10,29.6,9.4,17.4,,,
2021-04-11,1.9,7.6,15.6,,,
2021-04-12,0.1,4.3,15.8,,,
2021-04-13,1.5,9.7,14.0,,,
2021-04-14,3.4,10.3,18.2,,,
2021-04-15,0.0,10.6,16.3,,,
2021-04-16,0.0,6.7,16.9,,,
2021-04-17,0.0,3.5,16.6,,,
2021-04-18,0.0,3.9,18.2,,,
2021-04-19,0.0,8.6,20.3,,,
2021-04-20,0.0,10.6,18.4,,,
2021-04-21,6.4,9.4,18.3,,,
2021-04-22,1.6,9.5,15.8,,,
2021-04-23,0.0,9.6,16.6,,,
2021-04-24,6.6,9.4,15.9,,,
2021-04-25,12.6,9.6,12.1,,,
2021-04-26,0.1,10.3,18.3,,,
2021-04-27,18.8,9.9,19.6,,,
2021-04-28,0.5,9.8,18.1,,,
2021-04-29,0.6,9.7,17.2,,,
2021-04-30,0.0,7.7,16.3,,,
2021-05-01,0.0,7.6,16.3,,,
2021-05-02,0.0,8.5,17.7,,,
2021-05-03,0.0,10.6,17.6,,,
2021-05-04,0.0,8.4,21.3,,,
2021-05-05,0.0,10.7,24.2,,,
2021-05-06,0.0,10.7,24.2,,,
2021-05-07,0.1,10.7,24.2,,,
2021-05-08,0.3,13.3,28.5,,,
2021-05-09,3.7,10.3,19.1,,,
2021-05-10,0.9,7.5,17.2,,,
2021-05-11,0.5,6.7,16.8,,,
2021-05-12,0.0,10.2,19.0,,,
2021-05-13,0.0,9.6,19.6,,,
2021-05-14,0.0,10.6,22.6,,,
2021-05-15,0.0,12.1,25.7,,,
2021-05-16,0.0,14.1,25.9,,,
2021-05-17,0.0,13.0,25.6,,,
2021-05-18,0.0,13.9,27.1,,,
2021-05-19,0.0,13.1,24.6,,,
2021-05-20,0.0,13.0,26.8,,,
2021-05-21,0.0,15.6,28.3,,,
2021-05-22,0.0,14.0,21.9,,,
2021-05-23,1.7,11.4,19.3,,,
2021-05-24,0.0,9.9,20.8,,,
2021-05-25,0.0,11.2,25.1,,,
2021-05-26,0.0,14.3,26.2,,,
2021-05-27,2.0,15.4,26.2,,,
2021-05-28,0.0,15.3,26.2,,,
2021-05-29,0.0,16.1,29.9,,,
2021-05-30,0.0,17.7,30.6,,,
2021-05-31,6.3,18.2,30.9,,,
2021-06-01,0.0,16.0,24.4,,,
2021-06-02,0.0,12.5,25.6,,,
2021-06-03,0.0,16.9,28.4,,,
2021-06-04,0.0,16.0,28.0,,,
2021-06-05,9.6,15.4,21.3,,,
2021-06-06,5.9,13.1,28.2,,,
2021-06-07,0.0,16.9,30.6,,,
2021-06-08,0.0,18.6,32.5,,,
2021-06-09,0.0,18.0,33.1,,,
2021-06-10,0.0,20.1,32.6,,,
2021-06-11,0.4,18.7,32.8,,,
2021-06-12,0.1,16.7,30.6,,,
2021-06-13,0.0,19.8,32.7,,,
2021-06-14,0.0,20.6,32.6,,,
2021-06-15,0.6,19.9,32.7,,,
2021-06-16,40.4,16.4,30.3,,,
2021-06-17,5.7,15.3,20.7,,,
2021-06-18,0.0,15.4,25.9,,,
2021-06-19,0.0,13.2,24.5,,,
2021-06-20,0.0,14.5,19.2,,,
2021-06-21,0.0,12.4,22.0,,,
2021-06-22,0.2,14.2,21.5,,,
2021-06-23,0.0,14.7,23.4,,,
2021-06-24,0.0,13.6,27.8,,,
2021-06-25,0.0,17.0,30.6,,,
2021-06-26,0.0,19.5,31.9,,,
2021-06-27,0.0,18.1,29.2,,,
2021-06-28,0.0,14.9,27.3,,,
2021-06-29,0.0,16.3,29.4,,,
2021-06-30,0.0,17.5,32.2,,,
2021-07-01,0.0,18.5,33.0,,,
2021-07-02,0.0,18.3,33.6,,,
2021-07-03,0.0,18.7,32.3,,,
2021-07-04,0.0,18.6,31.7,,,
2021-07-05,0.0,19.4,33.3,,,
2021-07-06,1.3,15.8,23.9,,,
2021-07-07,0.0,13.2,26.5,,,
2021-07-08,0.0,15.0,28.4,,,
2021-07-09,0.0,17.5,32.6,,,
2021-07-10,0.0,20.7,35.7,,,
2021-07-11,0.0,22.4,38.0,,,
2021-07-12,0.0,18.5,28.2,,,
2021-07-13,0.0,14.3,26.6,,,
2021-07-14,0.0,14.9,28.2,,,
2021-07-15,0.0,16.1,30.8,,,
2021-07-16,0.0,18.8,35.3,,,
2021-07-17,0.0,21.0,36.9,,,
2021-07-18,0.0,22.3,36.2,,,
2021-07-19,0.0,21.3,36.0,,,
2021-07-20,0.0,22.0,35.7,,,
2021-07-21,0.0,22.4,36.3,,,
2021-07-22,0.0,23.5,36.8,,,
2021-07-23,0.0,20.2,33.5,,,
2021-07-24,0.0,18.3,31.7,,,
2021-07-25,6.1,17.5,31.0,,,
2021-07-26,0.0,17.0,29.6,,,
2021-07-27,0.0,19.5,32.7,,,
2021-07-28,0.0,20.7,35.6,,,
2021-07-29,0.0,22.0,35.7,,,
2021-07-30,0.0,19.9,34.1,,,
2021-07-31,0.0,17.0,26.5,,,
2021-08-01,0.0,13.5,26.6,,,
2021-08-02,0.0,16.6,29.8,,,
2021-08-03,0.0,18.8,31.8,,,
2021-08-04,0.0,21.1,30.4,,,
2021-08-05,0.0,18.8,35.0,,,
2021-08-06,0.0,19.8,33.1,,,
2021-08-07,0.0,18.3,29.5,,,
2021-08-08,0.0,18.0,30.6,,,
2021-08-09,0.0,21.1,33.2,,,
2021-08-10,0.0,22.6,35.6,,,
2021-08-11,0.0,23.8,37.4,,,
2021-08-12,0.0,23.1,37.3,,,
2021-08-13,0.0,24.4,40.3,,,
2021-08-14,0.0,26.1,40.7,,,
2021-08-15,0.0,24.6,39.8,,,
2021-08-16,0.0,22.4,35.8,,,
2021-08-17,0.0,17.5,32.6,,,
2021-08-18,0.0,19.5,33.8,,,
2021-08-19,0.0,20.7,33.5,,,
2021-08-20,0.0,21.0,33.9,,,
2021-08-21,0.0,19.7,34.5,,,
2021-08-22,0.0,21.1,35.7,,,
2021-08-23,0.0,23.4,36.9,,,
2021-08-24,0.0,20.5,31.9,,,
2021-08-25,0.0,19.8,32.0,,,
2021-08-26,3.6,20.4,33.1,,,
2021-08-27,0.0,20.3,33.8,,,
2021-08-28,0.0,18.9,32.8,,,
2021-08-29,0.0,18.7,31.3,,,
2021-08-30,0.0,19.1,29.7,,,
2021-08-31,32.5,19.3,30.9,,,
2021-09-01,5.8,16.1,23.4,,,
2021-09-02,1.1,15.7,25.7,,,
2021-09-03,0.0,16.5,28.3,,,
2021-09-04,0.0,17.6,29.9,,,
2021-09-05,0.0,19.2,31.1,,,
2021-09-06,0.0,21.6,31.3,,,
2021-09-07,0.0,20.4,31.4,,,
2021-09-08,0.0,18.8,27.1,,,
2021-09-09,0.0,18.6,25.9,,,
2021-09-10,0.0,18.2,27.3,,,
2021-09-11,0.0,16.3,26.3,,,
2021-09-12,0.0,17.5,29.8,,,
2021-09-13,0.5,18.5,25.8,,,
2021-09-14,27.1,15.3,19.6,,,
2021-09-15,0.1,15.6,22.9,,,
2021-09-16,0.0,16.7,25.2,,,
2021-09-17,0.0,15.9,25.7,,,
2021-09-18,0.0,15.6,26.2,,,
2021-09-19,0.0,13.3,23.8,,,
2021-09-20,0.0,13.1,24.7,,,
2021-09-21,0.0,10.8,21.7,,,
2021-09-22,1.1,13.0,21.0,,,
2021-09-23,14.0,14.7,25.0,,,
2021-09-24,38.9,16.4,23.3,,,
2021-09-25,0.0,14.1,21.1,,,
2021-09-26,0.0,12.7,22.7,,,
2021-09-27,0.0,12.8,24.7,,,
2021-09-28,0.0,13.9,25.1,,,
2021-09-29,0.0,13.2,23.7,,,
2021-09-30,0.0,15.2,23.7,,,
2021-10-01,0.0,14.7,24.6,,,
2021-10-02,0.0,13.2,25.1,,,
2021-10-03,11.8,12.2,18.3,,,
2021-10-04,0.0,9.2,18.7,,,
2021-10-05,0.0,11.2,23.1,,,
2021-10-06,0.0,13.0,22.7,,,
2021-10-07,0.0,11.0,24.5,,,
2021-10-08,0.0,11.8,24.8,,,
2021-10-09,0.0,12.3,22.6,,,
2021-10-10,0.0,13.2,21.9,,,
2021-10-11,0.0,13.0,21.8,,,
2021-10-12,0.0,12.4,22.2,,,
2021-10-13,0.0,11.3,23.6,,,
2021-10-14,0.0,11.5,22.2,,,
2021-10-15,0.0,11.9,22.9,,,
2021-10-16,2.2,11.9,19.9,,,
2021-10-17,0.0,13.1,21.4,,,
2021-10-18,0.0,12.9,22.0,,,
2021-10-19,0.0,14.3,22.8,,,
2021-10-20,0.0,13.8,22.8,,,
2021-10-21,0.0,12.9,19.8,,,
2021-10-22,0.0,11.5,18.7,,,
2021-10-23,0.0,8.2,18.1,,,
2021-10-24,0.0,7.5,19.0,,,
2021-10-25,0.0,8.1,18.9,,,
2021-10-26,0.0,10.5,19.2,,,
2021-10-27,0.0,8.5,19.0,,,
2021-10-28,0.0,9.3,19.0,,,
2021-10-29,67.7,12.3,14.8,,,
2021-10-30,3.6,13.0,17.6,,,
2021-10-31,47.7,14.2,18.7,,,
2021-11-01,0.0,10.5,16.9,,,
2021-11-02,10.0,8.1,13.0,,,
2021-11-03,0.0,6.8,11.8,,,
2021-11-04,0.0,4.3,11.5,,,
2021-11-05,0.0,4.9,12.0,,,
2021-11-06,0.0,4.2,13.1,,,
2021-11-07,0.0,2.8,12.9,,,
2021-11-08,0.0,4.1,17.7,,,
2021-11-09,0.0,4.6,16.0,,,
2021-11-10,0.0,5.3,14.8,,,
2021-11-11,0.0,4.6,14.5,,,
2021-11-12,0.0,7.9,16.9,,,
2021-11-13,0.0,5.5,15.5,,,
2021-11-14,0.0,5.0,15.8,,,
2021-11-15,0.0,7.0,14.4,,,
2021-11-16,0.0,4.0,12.6,,,
2021-11-17,0.0,5.4,13.8,,,
2021-11-18,0.0,5.1,12.2,,,
2021-11-19,0.0,7.5,14.7,,,
2021-11-20,0.0,9.9,12.4,,,
2021-11-21,0.0,7.4,13.6,,,
2021-11-22,13.0,4.7,9.5,,,
2021-11-23,0.3,3.3,6.7,,,
2021-11-24,0.0,2.3,7.5,,,
2021-11-25,0.0,3.2,9.3,,,
2021-11-26,0.0,2.8,10.2,,,
2021-11-27,0.5,2.3,8.6,,,
2021-11-28,0.0,1.1,8.3,,,
2021-11-29,0.0,5.5,13.2,,,
2021-11-30,0.0,3.4,11.9,,,
2021-12-01,2.4,0.9,10.6,,,
2021-12-02,0.0,3.0,9.4,,,
2021-12-03,0.0,2.5,11.8,,,
2021-12-04,0.0,2.9,12.0,,,
2021-12-05,0.0,5.0,11.4,,,
2021-12-06,0.0,5.5,14.2,,,
2021-12-07,2.3,4.3,10.8,,,
2021-12-08,0.2,5.5,10.2,,,
2021-12-09,0.0,5.2,11.9,,,
2021-12-10,0.0,7.3,15.1,,,
2021-12-11,0.0,7.2,16.3,,,
2021-12-12,0.0,5.4,12.9,,,
2021-12-13,0.0,4.3,12.8,,,
2021-12-14,0.0,4.3,15.5,,,
2021-12-15,0.0,5.6,16.3,,,
2021-12-16,0.0,2.4,11.5,,,
2021-12-17,0.0,2.8,10.9,,,
2021-12-18,0.0,3.1,10.3,,,
2021-12-19,0.0,6.7,11.6,,,
2021-12-20,0.0,4.6,10.1,,,
2021-12-21,0.0,7.3,12.8,,,
2021-12-22,0.0,7.9,14.1,,,
2021-12-23,5.7,7.2,11.9,,,
2021-12-24,3.5,9.2,11.7,,,
2021-12-25,8.5,8.2,10.6,,,
2021-12-26,11.5,8.8,11.7,,,
2021-12-27,0.0,10.1,14.3,,,
2021-12-28,0.0,8.3,14.6,,,
2021-12-29,0.0,7.0,12.6,,,
2021-12-30,0.0,4.7,14.9,,,
2021-12-31,0.0,5.0,15.5,,,
2022-01-01,0.0,5.5,16.7,,,
2022-01-02,0.0,5.1,14.5,,,
2022-01-03,0.0,5.6,13.8,,,
2022-01-04,7.3,5.2,12.1,,,
2022-01-05,5.0,4.3,8.9,,,
2022-01-06,0.0,1.1,7.6,,,
2022-01-07,0.0,0.3,10.9,,,
2022-01-08,0.0,-0.2,7.8,,,
2022-01-09,0.0,2.8,13.2,,,
2022-01-10,0.0,6.9,15.5,,,
2022-01-11,0.0,5.3,14.4,,,
2022-01-12,0.0,4.3,11.1,,,
2022-01-13,0.0,2.4,8.9,,,
2022-01-14,0.0,1.0,8.2,,,
2022-01-15,0.0,-0.1,8.2,,,
2022-01-16,0.0,-0.5,8.8,,,
2022-01-17,0.0,0.4,10.3,,,
2022-01-18,0.0,0.5,12.0,,,
2022-01-19,0.0,1.0,12.0,,,
2022-01-20,0.0,0.7,12.5,,,
2022-01-21,0.0,1.0,8.9,,,
2022-01-22,0.0,1.2,9.3,,,
2022-01-23,0.0,2.4,9.3,,,
2022-01-24,0.0,4.0,8.5,,,
2022-01-25,0.0,4.3,10.4,,,
2022-01-26,0.0,2.6,10.4,,,
2022-01-27,0.0,3.3,12.9,,,
2022-01-28,0.0,3.6,14.2,,,
2022-01-29,0.0,2.3,15.5,,,
2022-01-30,0.0,3.6,16.0,,,
2022-01-31,0.0,1.2,15.8,,,
2022-02-01,0.0,5.3,16.6,,,
2022-02-02,0.0,4.6,18.6,,,
2022-02-03,0.0,4.6,16.4,,,
2022-02-04,0.0,6.5,13.2,,,
2022-02-05,0.0,6.6,14.3,,,
2022-02-06,0.0,3.6,13.2,,,
2022-02-07,0.0,2.8,16.8,,,
2022-02-08,0.0,5.2,15.7,,,
2022-02-09,0.0,5.2,14.8,,,
2022-02-10,0.0,3.7,15.5,,,
2022-02-11,0.0,5.2,16.7,,,
2022-02-12,0.0,6.9,14.8,,,
2022-02-13,1.0,6.6,13.2,,,
2022-02-14,0.0,5.1,11.9,,,
2022-02-15,0.0,2.1,12.8,,,
2022-02-16,0.0,4.7,14.8,,,
2022-02-17,0.0,4.8,16.9,,,
2022-02-18,0.0,5.6,18.1,,,
2022-02-19,0.0,5.5,12.9,,,
2022-02-20,0.0,1.9,14.1,,,
2022-02-21,0.0,4.6,17.5,,,
2022-02-22,0.0,5.5,19.5,,,
2022-02-23,0.0,6.6,17.9,,,
2022-02-24,0.3,6.6,16.1,,,
2022-02-25,3.9,6.6,11.0,,,
2022-02-26,3.4,6.7,9.6,,,
2022-02-27,0.1,7.1,13.1,,,
2022-02-28,0.0,5.5,16.5,,,
2022-03-01,0.0,4.8,17.2,,,
2022-03-02,0.0,8.1,15.9,,,
2022-03-03,18.2,5.5,10.7,,,
2022-03-04,0.0,5.5,13.2,,,
2022-03-05,0.0,3.6,12.2,,,
2022-03-06,5.9,3.7,11.1,,,
2022-03-07,2.8,4.4,11.1,,,
2022-03-08,0.0,5.5,12.5,,,
2022-03-09,0.0,4.3,13.0,,,
2022-03-10,0.0,7.9,14.8,,,
2022-03-11,0.0,7.3,13.0,,,
2022-03-12,0.0,4.2,12.5,,,
2022-03-13,0.0,4.7,13.4,,,
2022-03-15,0.0,4.7,13.4,,,
2022-03-16,0.0,4.7,13.4,,,
2022-03-17,0.2,8.6,12.7,,,
2022-03-18,0.0,7.4,13.8,,,
2022-03-19,0.0,7.8,13.7,,,
2022-03-20,6.7,8.8,13.8,,,
2022-03-21,25.4,7.2,13.8,,,
2022-03-22,1.2,7.9,11.8,,,
2022-03-23,1.8,6.4,11.9,,,
2022-03-24,6.2,7.2,11.6,,,
2022-03-25,4.4,8.3,12.7,,,
2022-03-26,0.0,8.0,13.0,,,
2022-03-27,0.0,8.6,13.8,,,
2022-03-28,0.0,7.4,16.9,,,
2022-03-29,7.4,9.9,17.3,,,
2022-03-30,1.0,7.8,12.0,,,
2022-03-31,0.8,5.8,13.8,,,
2022-04-01,0.1,3.6,11.2,3.0,3.9,11.9
2022-04-02,0.0,2.3,11.1,1.0,3.6,10.3
2022-04-03,0.0,0.9,11.1,4.0,3.1,13.1
2022-04-04,0.0,0.1,12.5,7.0,3.6,12.8
2022-04-05,0.0,3.8,11.6,4.0,2.8,8.9
2022-04-06,0.0,3.9,17.0,23.0,2.2,8.3
2022-04-07,0.0,6.7,19.8,24.0,3.1,9.2
2022-04-08,0.0,7.1,16.5,25.0,3.9,10.8
2022-04-09,0.0,9.4,18.1,27.0,2.2,8.3
2022-04-10,0.0,10.4,22.5,12.0,2.5,11.4
2022-04-11,4.3,9.3,22.7,24.0,3.3,12.5
2022-04-12,4.1,8.5,15.7,27.0,1.4,13.6
2022-04-13,0.0,6.0,19.2,10.0,3.1,8.6
2022-04-14,0.0,10.9,21.4,4.0,2.8,8.1
2022-04-15,0.0,10.5,24.2,26.0,1.7,5.0
2022-04-16,0.0,11.5,26.4,34.0,1.4,7.8
2022-04-17,0.0,11.9,25.5,5.0,0.8,6.9
2022-04-18,0.0,13.1,25.8,28.0,3.1,8.3
2022-04-19,15.3,6.0,19.3,5.0,3.6,13.1
2022-04-20,0.7,4.2,13.3,1.0,5.3,13.9
2022-04-21,1.3,4.9,17.2,23.0,2.2,10.0
2022-04-22,22.8,6.0,10.9,24.0,2.5,9.7
2022-04-23,1.9,5.1,12.1,26.0,4.7,14.7
2022-04-24,0.1,4.7,17.7,29.0,1.7,6.7
2022-04-25,0.0,8.1,20.7,26.0,2.2,7.8
2022-04-26,8.9,11.5,22.5,22.0,2.5,12.2
2022-04-27,1.1,10.8,17.5,28.0,1.7,8.6
2022-04-28,2.1,9.8,17.2,5.0,1.4,10.8
2022-04-29,0.0,11.0,22.7,3.0,2.2,8.1
2022-04-30,0.0,11.9,23.1,28.0,1.4,8.1
2022-05-01,0.0,12.9,25.5,26.0,1.9,9.2
2022-05-02,2.2,12.0,19.4,4.0,2.2,9.7
2022-05-03,2.6,11.1,17.5,6.0,3.6,11.7
2022-05-04,0.0,10.2,20.2,5.0,3.3,10.3
2022-05-05,0.0,10.6,23.4,4.0,1.4,8.9
2022-05-06,0.0,10.2,23.8,5.0,1.7,10.6
2022-05-07,0.0,10.4,24.2,3.0,1.4,9.2
2022-05-08,0.0,12.6,26.6,5.0,1.1,7.8
2022-05-09,0.0,13.7,27.5,10.0,1.4,8.9
2022-05-10,0.0,14.3,29.0,11.0,1.1,5.8
2022-05-11,0.0,16.2,29.5,17.0,1.7,6.4
2022-05-12,0.0,16.8,27.2,24.0,1.9,7.2
2022-05-13,0.0,15.3,29.2,15.0,1.7,6.4
2022-05-14,0.8,17.5,27.9,23.0,1.1,13.1
2022-05-15,0.0,16.2,25.3,22.0,2.5,10.0
2022-05-16,0.0,13.3,26.8,20.0,1.7,8.6
2022-05-17,0.0,13.7,28.7,22.0,1.9,8.6
2022-05-18,0.0,16.4,31.8,23.0,1.7,7.5
2022-05-19,0.0,18.8,33.5,14.0,2.8,10.0
2022-05-20,0.0,18.9,31.9,14.0,1.9,9.2
2022-05-21,0.6,18.2,32.6,23.0,2.2,13.3
2022-05-22,0.0,17.3,27.9,25.0,3.3,11.4
2022-05-23,0.0,15.7,27.2,22.0,2.5,9.4
2022-05-24,0.0,12.0,22.0,4.0,3.3,11.1
2022-05-25,0.0,9.4,22.1,4.0,2.8,11.4
2022-05-26,0.0,10.5,26.7,4.0,1.7,10.3
2022-05-27,0.0,14.9,31.2,5.0,2.5,8.3
2022-05-28,0.0,16.2,32.6,26.0,2.2,7.5
2022-05-29,0.0,15.9,31.3,24.0,2.2,9.7
2022-05-30,0.0,15.5,23.0,23.0,3.9,12.5
2022-05-31,0.0,13.0,29.7,24.0,2.5,8.1
2022-06-01,0.0,15.6,29.5,24.0,2.2,9.4
2022-06-02,0.0,16.2,28.8,22.0,1.9,9.7
2022-06-03,0.0,16.3,27.7,24.0,2.5,10.6
2022-06-04,0.0,14.9,27.0,26.0,2.2,9.7
2022-06-05,0.0,13.7,29.4,18.0,1.7,7.8
2022-06-06,0.0,15.7,30.1,25.0,1.7,8.6
2022-06-07,0.0,16.9,32.6,,2.5,8.6
2022-06-08,0.0,18.4,27.4,28.0,3.3,11.4
2022-06-09,0.0,18.8,32.5,4.0,1.7,9.2
2022-06-10,0.0,20.0,35.0,6.0,1.9,8.1
2022-06-11,0.0,22.0,36.8,15.0,1.4,7.8
2022-06-12,0.0,22.1,34.1,8.0,0.8,8.3
2022-06-13,0.0,21.4,37.5,24.0,1.4,6.7
2022-06-14,0.0,23.5,38.5,23.0,2.5,8.6
2022-06-15,0.0,24.2,37.9,7.0,2.5,12.8
2022-06-16,0.1,25.4,37.2,4.0,2.2,12.5
2022-06-17,0.0,23.1,38.9,3.0,2.5,11.1
2022-06-18,0.0,25.2,38.9,17.0,2.5,12.2
2022-06-19,0.0,18.8,29.1,22.0,3.6,11.7
2022-06-20,0.0,18.4,28.1,26.0,2.5,11.1
2022-06-21,0.0,14.7,27.3,26.0,2.5,10.0
2022-06-22,0.2,14.8,25.2,28.0,3.6,9.7
2022-06-23,0.0,15.6,24.3,26.0,2.8,11.7
2022-06-24,0.0,12.9,27.0,24.0,2.2,9.7
2022-06-25,0.0,13.6,27.7,27.0,3.1,11.4
2022-06-26,0.0,15.9,27.9,23.0,2.8,9.4
2022-06-27,0.0,16.5,29.0,6.0,2.2,10.3
2022-06-28,0.0,14.7,31.2,,1.9,8.1
2022-06-29,0.0,17.5,32.9,25.0,2.8,11.1
2022-06-30,0.0,17.5,30.2,26.0,2.8,9.2
2022-07-01,0.0,15.4,32.4,6.0,1.9,10.3
2022-07-02,0.0,21.2,34.5,12.0,1.7,7.2
2022-07-03,0.0,22.7,35.1,24.0,2.5,9.7
2022-07-04,0.0,20.5,34.4,23.0,1.4,7.8
2022-07-05,0.0,21.4,37.1,23.0,2.8,10.3
2022-07-06,8.2,19.5,32.7,32.0,1.9,13.1
2022-07-07,0.0,17.4,31.8,4.0,2.8,12.8
2022-07-08,0.0,18.8,34.0,6.0,1.4,9.2
2022-07-09,0.0,22.0,36.8,4.0,1.4,8.3
2022-07-10,0.0,23.3,37.7,5.0,1.9,9.4
2022-07-11,0.0,23.8,37.3,12.0,2.5,7.8
2022-07-12,0.0,24.4,38.0,11.0,1.4,8.1
2022-07-13,0.0,25.3,39.1,2.0,1.4,7.2
2022-07-14,0.0,26.2,40.7,7.0,2.2,8.6
2022-07-15,0.0,25.3,39.6,13.0,2.8,9.4
2022-07-16,0.0,25.5,39.5,9.0,1.9,6.7
2022-07-17,0.0,25.7,39.5,14.0,1.7,7.2
2022-07-18,0.0,25.7,39.5,,,
2022-07-19,0.0,25.7,39.5,,,
2022-07-20,0.0,20.8,36.6,8.0,0.8,5.8
2022-07-21,0.0,23.7,37.7,15.0,1.4,8.6
2022-07-22,0.0,24.5,36.8,26.0,2.8,10.3
2022-07-23,0.0,22.0,38.6,22.0,2.5,9.4
2022-07-24,0.0,21.7,39.2,26.0,2.8,12.5
2022-07-25,0.0,23.2,38.2,24.0,2.5,9.4
2022-07-26,0.0,22.3,36.6,4.0,1.9,8.9
2022-07-27,0.0,21.2,35.6,4.0,2.2,8.1
2022-07-28,0.0,22.1,36.6,23.0,2.2,9.2
2022-07-29,0.0,23.1,36.6,6.0,1.9,11.7
2022-07-30,1.6,22.2,37.3,24.0,2.5,16.9
2022-07-31,0.0,23.0,36.7,2.0,1.7,7.5
2022-08-01,0.0,24.4,37.7,4.0,1.7,7.8
2022-08-02,0.8,25.1,38.4,2.0,1.4,12.2
2022-08-03,0.0,24.9,37.9,24.0,1.7,8.6
2022-08-04,2.0,23.7,37.0,22.0,1.9,16.4
2022-08-05,0.0,22.8,36.7,12.0,1.4,8.9
2022-08-06,0.0,23.5,36.7,16.0,1.7,8.3
2022-08-07,0.0,23.8,36.6,26.0,2.2,8.3
2022-08-08,0.0,22.4,36.7,15.0,1.4,8.6
2022-08-09,0.0,23.8,37.0,26.0,1.7,7.8
2022-08-10,0.0,25.0,36.6,17.0,2.2,11.1
2022-08-11,0.0,24.2,36.6,12.0,1.7,8.9
2022-08-12,0.0,23.2,36.7,24.0,2.2,9.7
2022-08-13,0.0,20.6,27.8,19.0,2.2,13.9
2022-08-14,0.0,18.1,32.3,26.0,2.8,10.8
2022-08-15,0.0,17.5,31.8,22.0,1.7,8.1
2022-08-16,0.0,19.3,29.5,26.0,3.1,11.9
2022-08-17,2.1,16.9,28.5,2.0,1.4,10.6
2022-08-18,0.0,15.1,27.7,5.0,1.7,10.3
2022-08-19,0.0,16.4,30.9,4.0,1.1,7.2
2022-08-20,0.0,19.6,34.3,2.0,1.9,7.2
2022-08-21,0.0,19.5,36.7,,1.7,7.8
2022-08-22,0.0,21.6,34.4,6.0,2.2,10.8
2022-08-23,0.0,21.6,36.6,,2.5,7.8
2022-08-24,0.0,23.5,35.6,24.0,1.7,8.3
2022-08-25,0.0,22.2,34.4,4.0,1.1,11.1
2022-08-26,0.0,20.1,32.0,5.0,2.5,10.0
2022-08-27,0.0,19.8,32.8,13.0,1.1,6.7
2022-08-28,0.0,21.1,34.1,15.0,2.2,9.4
2022-08-29,0.0,22.3,33.2,22.0,3.3,10.6
2022-08-30,0.0,21.0,34.0,24.0,2.8,11.9
2022-08-31,0.0,20.3,31.8,25.0,2.2,8.6
2022-09-01,0.0,17.6,31.9,23.0,2.2,8.6
2022-09-02,0.0,17.5,30.3,23.0,2.5,9.2
2022-09-03,0.0,17.4,28.8,,1.7,7.5
2022-09-04,0.0,15.5,29.4,,1.9,8.3
2022-09-05,0.0,15.7,29.0,22.0,2.5,9.7
2022-09-06,0.0,16.5,28.9,24.0,3.6,13.3
2022-09-07,0.0,15.3,25.8,23.0,2.2,9.7
2022-09-08,0.0,18.6,29.2,28.0,1.7,7.2
2022-09-09,0.0,20.3,31.3,22.0,2.2,6.4
2022-09-10,0.0,19.9,33.2,22.0,1.7,7.2
2022-09-11,0.3,21.0,34.0,15.0,1.4,7.2
2022-09-12,18.5,22.1,28.8,20.0,2.5,13.1
2022-09-13,0.6,16.9,25.2,24.0,2.2,17.2
2022-09-14,0.2,15.7,23.3,26.0,2.2,8.6
2022-09-15,14.5,17.2,24.5,26.0,1.1,6.4
2022-09-16,0.0,16.0,27.4,6.0,1.1,8.3
2022-09-17,0.0,15.7,27.3,4.0,1.7,8.3
2022-09-18,0.0,17.9,29.1,8.0,2.2,6.1
2022-09-19,7.0,18.0,26.5,32.0,1.1,8.9
2022-09-20,0.0,16.3,27.0,,0.8,9.2
2022-09-21,0.0,17.4,29.1,15.0,1.4,9.4
2022-09-22,0.0,16.2,28.8,26.0,1.4,6.7
2022-09-23,0.0,17.1,26.6,26.0,1.4,6.9
2022-09-24,0.0,14.9,25.1,8.0,1.9,9.2
2022-09-25,0.0,11.5,20.3,4.0,3.1,10.8
2022-09-26,0.0,11.5,21.9,4.0,2.5,10.3
2022-09-27,0.0,10.4,23.4,28.0,1.4,7.8
2022-09-28,0.0,11.9,21.8,30.0,1.4,11.9
2022-09-29,2.7,12.3,16.9,32.0,3.3,10.6
2022-09-30,0.1,9.3,19.8,2.0,1.9,10.3
2022-10-01,0.0,9.8,22.6,17.0,1.1,4.7
2022-10-02,0.0,12.2,26.4,4.0,1.7,6.9
2022-10-03,0.0,14.7,26.5,3.0,0.8,4.7
2022-10-04,0.0,13.6,28.9,4.0,0.6,5.3
2022-10-05,0.0,15.8,26.4,,1.1,4.2
2022-10-06,0.0,16.2,25.0,14.0,1.4,6.1
2022-10-07,0.0,13.6,22.9,30.0,1.1,4.2
2022-10-08,0.0,14.7,24.7,13.0,1.7,8.9
2022-10-09,0.6,16.0,23.7,24.0,1.1,5.0
2022-10-10,3.7,15.2,20.8,28.0,0.6,9.7
2022-10-11,0.0,15.2,21.8,9.0,1.7,5.6
2022-10-12,0.0,12.9,22.8,5.0,1.4,5.8
2022-10-13,0.0,13.6,23.5,26.0,1.4,4.4
2022-10-14,0.0,13.1,25.3,21.0,0.8,5.6
2022-10-15,0.0,13.6,25.6,22.0,1.7,6.9
2022-10-16,1.8,13.0,24.0,21.0,1.1,5.6
2022-10-17,0.1,15.4,24.5,25.0,1.9,6.4
2022-10-18,0.0,15.5,26.9,24.0,1.4,5.3
2022-10-19,0.4,17.5,24.4,23.0,3.9,17.5
2022-10-20,8.8,13.6,20.5,19.0,3.3,15.0
2022-10-21,3.5,13.6,18.0,24.0,2.5,9.2
2022-10-22,5.7,12.8,21.8,27.0,3.3,15.6
2022-10-23,1.8,13.6,16.8,25.0,2.5,9.4
2022-10-24,0.0,12.4,17.1,26.0,0.6,3.6
2022-10-25,0.0,13.5,23.3,25.0,1.9,8.9
2022-10-26,0.0,13.7,21.7,,1.4,6.4
2022-10-27,0.0,16.2,23.9,4.0,1.4,5.6
2022-10-28,0.0,14.7,23.5,5.0,2.2,7.2
2022-10-29,0.0,15.4,22.6,4.0,1.9,6.4
2022-10-30,0.0,13.1,18.3,5.0,1.1,4.4
2022-10-31,1.4,12.1,16.1,22.0,1.4,8.9
2022-11-01,0.0,13.0,19.3,24.0,1.4,4.4
2022-11-02,0.0,11.1,20.0,4.0,1.1,5.0
2022-11-03,0.0,11.1,20.0,,,
2022-11-04,0.0,11.1,20.0,,,
2022-11-05,0.0,11.1,20.0,,,
2022-11-06,0.0,11.1,20.0,,,
2022-11-07,0.0,11.1,20.0,,,
2022-11-08,2.2,9.5,14.9,27.0,1.7,6.1
2022-11-09,5.4,9.5,15.1,27.0,1.4,6.1
2022-11-10,0.1,6.8,16.0,5.0,1.1,6.4
2022-11-11,2.1,8.7,15.7,9.0,2.5,7.8
2022-11-12,2.5,11.0,18.7,22.0,2.8,17.2
2022-11-13,0.0,10.7,16.4,4.0,0.8,4.7
2022-11-14,0.6,9.9,15.8,24.0,2.2,9.4
2022-11-15,6.4,12.2,15.6,25.0,3.3,14.4
2022-11-16,3.7,10.5,13.3,26.0,2.5,9.4
2022-11-17,0.1,10.9,16.9,25.0,4.4,12.2
2022-11-18,0.2,7.7,12.9,30.0,3.6,12.2
2022-11-19,0.0,5.2,11.7,29.0,3.1,12.8
2022-11-20,0.0,4.7,16.2,24.0,2.2,8.3
2022-11-21,7.8,5.9,13.4,31.0,3.9,16.7
2022-11-22,2.4,5.6,12.6,26.0,3.6,13.9
2022-11-23,0.1,11.7,16.7,24.0,3.9,13.6
2022-11-24,6.3,9.9,13.7,24.0,1.7,6.7
2022-11-25,0.0,5.9,13.3,31.0,1.4,9.7
2022-11-26,0.0,3.8,11.9,5.0,1.1,3.6
2022-11-27,5.4,3.7,12.5,31.0,1.4,9.4
2022-11-28,0.1,5.1,11.2,30.0,3.1,11.1
2022-11-29,0.0,2.8,11.1,32.0,0.8,4.4
2022-11-30,0.0,4.2,11.0,26.0,0.6,3.9
2022-12-01,0.0,5.5,11.5,5.0,2.8,8.6
2022-12-02,0.0,3.5,9.3,5.0,1.7,7.5
2022-12-03,1.8,1.9,9.1,9.0,0.8,4.2
2022-12-04,1.5,3.2,7.9,,1.9,5.8
2022-12-05,13.1,5.7,9.7,4.0,2.2,7.2
2022-12-06,0.0,8.9,11.0,6.0,0.8,3.3
2022-12-07,2.4,8.5,12.6,8.0,0.8,3.9
2022-12-08,17.7,7.9,11.7,25.0,1.9,7.8
2022-12-09,10.4,7.9,11.0,27.0,0.8,5.3
2022-12-10,8.5,7.3,12.5,25.0,1.7,8.3
2022-12-11,4.1,5.7,9.2,27.0,1.4,9.7
2022-12-12,19.5,8.0,13.7,24.0,3.3,11.9
2022-12-13,26.1,11.5,14.5,23.0,1.9,13.1
2022-12-14,26.6,9.9,12.9,26.0,1.9,7.8
2022-12-15,0.3,8.3,11.0,27.0,2.8,8.6
2022-12-16,2.0,5.9,10.1,26.0,1.1,5.0
2022-12-17,0.0,8.0,11.5,,1.7,4.2
2022-12-18,0.0,5.9,10.9,4.0,0.3,5.0
2022-12-19,0.0,5.7,11.3,5.0,0.8,5.0
2022-12-20,11.0,5.9,9.9,11.0,0.6,4.4
2022-12-21,0.0,8.5,13.3,26.0,2.8,8.9
2022-12-22,0.3,10.2,14.1,23.0,2.5,6.9
2022-12-23,0.1,10.3,11.7,22.0,1.7,6.7
2022-12-24,0.0,7.8,11.1,16.0,0.8,3.3
2022-12-25,0.0,5.9,14.2,15.0,1.4,5.0
2022-12-26,0.0,6.6,15.2,,1.4,3.6
2022-12-27,0.0,5.2,13.7,,1.1,2.8
2022-12-28,0.0,4.6,13.0,25.0,0.8,6.1
2022-12-29,0.0,8.1,11.6,22.0,2.5,9.2
2022-12-30,0.0,7.9,12.9,24.0,3.3,12.2
2022-12-31,0.0,4.7,13.1,5.0,0.8,4.7
